# unix_time, cycles_done, cur_path, paths_total, pending_total, pending_favs, map_size, unique_crashes, unique_hangs, max_depth, execs_per_sec, n_nodes, n_edges
1785374233, 0, 0, 7, 7, 6, 3.36%, 0, 0, 2, 11.87, 3, 3
1785374238, 0, 0, 18, 18, 6, 3.44%, 0, 0, 2, 19.07, 4, 4
1785374243, 0, 0, 22, 22, 6, 3.46%, 0, 0, 2, 23.17, 4, 4
1785374248, 0, 0, 28, 28, 6, 3.53%, 0, 0, 2, 18.68, 4, 4
1785374253, 0, 0, 34, 34, 6, 3.59%, 0, 0, 2, 19.51, 4, 4
1785374259, 0, 0, 39, 39, 6, 3.61%, 0, 0, 2, 16.98, 4, 4
1785374264, 0, 0, 41, 41, 6, 3.61%, 0, 0, 2, 16.40, 4, 4
1785374269, 0, 0, 48, 48, 6, 3.69%, 0, 0, 2, 22.16, 4, 4
1785374274, 0, 0, 52, 52, 6, 3.70%, 0, 0, 2, 17.92, 4, 4
1785374279, 0, 0, 57, 57, 6, 3.71%, 0, 0, 2, 21.71, 4, 4
1785374284, 0, 0, 59, 59, 6, 3.72%, 0, 0, 2, 17.86, 4, 4
1785374289, 0, 0, 64, 64, 6, 3.74%, 0, 0, 2, 18.62, 4, 4
1785374294, 0, 0, 68, 68, 6, 3.74%, 0, 0, 2, 22.43, 4, 4
1785374300, 0, 0, 73, 73, 6, 3.77%, 0, 0, 2, 21.78, 4, 4
1785374305, 0, 0, 76, 76, 6, 3.78%, 0, 0, 2, 18.12, 4, 4
1785374310, 0, 0, 79, 79, 6, 3.80%, 0, 0, 2, 24.42, 4, 4
1785374315, 0, 0, 82, 82, 6, 3.82%, 0, 0, 2, 19.17, 5, 6
1785374320, 0, 0, 83, 83, 6, 3.82%, 0, 0, 2, 21.18, 5, 6
1785374326, 0, 0, 86, 86, 6, 3.83%, 0, 0, 2, 14.54, 6, 7
1785374331, 0, 0, 87, 87, 6, 3.86%, 0, 0, 2, 17.57, 6, 7
1785374336, 0, 0, 90, 90, 6, 3.86%, 0, 0, 2, 15.48, 7, 9
1785374341, 0, 0, 91, 91, 6, 3.91%, 0, 0, 2, 17.79, 8, 11
1785374346, 0, 0, 92, 92, 6, 3.92%, 0, 0, 2, 14.06, 8, 11
1785374351, 0, 0, 93, 93, 6, 3.92%, 0, 0, 2, 13.47, 8, 11
1785374357, 0, 0, 95, 95, 6, 3.93%, 0, 0, 2, 12.62, 8, 11
1785374362, 0, 0, 97, 97, 6, 3.94%, 0, 0, 2, 13.79, 8, 11
1785374367, 0, 0, 98, 98, 6, 3.94%, 0, 0, 2, 15.16, 8, 11
1785374372, 0, 0, 100, 100, 6, 3.94%, 0, 0, 2, 14.89, 8, 11
1785374377, 0, 0, 101, 101, 6, 3.94%, 0, 0, 2, 15.44, 8, 11
1785374382, 0, 0, 102, 102, 6, 3.94%, 0, 0, 2, 16.02, 8, 11
1785374387, 0, 0, 104, 104, 6, 3.99%, 0, 0, 2, 16.45, 8, 12
1785374392, 0, 0, 105, 105, 6, 3.99%, 0, 0, 2, 16.16, 8, 14
1785374397, 0, 0, 108, 108, 6, 4.00%, 0, 0, 2, 15.74, 8, 14
1785374403, 0, 0, 111, 111, 6, 4.00%, 0, 0, 2, 14.80, 8, 14
1785374408, 0, 0, 112, 112, 6, 4.00%, 0, 0, 2, 15.84, 8, 14
1785374413, 0, 0, 113, 113, 6, 4.00%, 0, 0, 2, 19.30, 8, 14
1785374418, 0, 0, 114, 114, 6, 4.01%, 0, 0, 2, 19.08, 8, 14
1785374423, 0, 0, 116, 116, 6, 4.01%, 0, 0, 2, 15.75, 8, 14
1785374428, 0, 0, 118, 118, 6, 4.01%, 0, 0, 2, 14.71, 8, 14
1785374433, 0, 0, 120, 120, 6, 4.03%, 0, 0, 2, 16.26, 8, 14
1785374444, 3, 58, 121, 120, 0, 4.03%, 0, 0, 2, 16.51, 8, 14
1785374449, 3, 58, 122, 121, 0, 4.03%, 0, 0, 3, 20.62, 8, 14
1785374454, 3, 58, 124, 123, 0, 4.04%, 0, 0, 3, 21.16, 8, 15
1785374459, 3, 58, 125, 124, 0, 4.04%, 0, 0, 3, 19.42, 8, 15
1785374464, 3, 58, 126, 125, 0, 4.04%, 0, 0, 3, 22.76, 8, 15
1785374474, 3, 58, 128, 127, 0, 4.05%, 0, 0, 3, 23.17, 8, 17
1785374490, 6, 94, 128, 126, 0, 4.05%, 0, 0, 3, 22.86, 8, 17
1785374495, 6, 94, 129, 127, 0, 4.05%, 0, 0, 3, 18.51, 8, 17
1785374500, 6, 94, 132, 130, 0, 4.05%, 0, 0, 3, 16.14, 8, 18
1785374505, 6, 94, 133, 131, 0, 4.05%, 0, 0, 3, 16.98, 8, 19
1785374520, 8, 22, 134, 131, 0, 4.05%, 0, 0, 3, 15.41, 8, 19
1785374526, 8, 22, 135, 132, 0, 4.05%, 0, 0, 3, 11.75, 8, 20
1785374536, 8, 22, 136, 133, 0, 4.06%, 0, 0, 3, 13.55, 8, 21
1785374541, 8, 22, 138, 135, 0, 4.06%, 0, 0, 3, 11.88, 8, 21
1785374546, 8, 22, 139, 136, 0, 4.06%, 0, 0, 3, 11.16, 8, 21
1785374551, 8, 22, 140, 137, 0, 4.06%, 0, 0, 3, 10.68, 8, 21
1785374556, 8, 22, 142, 139, 0, 4.06%, 0, 0, 3, 14.74, 9, 22
1785374561, 8, 22, 144, 141, 0, 4.06%, 0, 0, 3, 16.35, 9, 22
1785374571, 8, 22, 145, 142, 0, 4.06%, 0, 0, 3, 15.93, 9, 22
1785374576, 8, 22, 146, 143, 0, 4.06%, 0, 0, 3, 12.37, 9, 22
1785374581, 8, 22, 148, 145, 0, 4.06%, 0, 0, 3, 12.90, 9, 22
1785374597, 8, 22, 150, 147, 0, 4.07%, 0, 0, 3, 11.17, 9, 22
1785374602, 8, 22, 151, 148, 0, 4.07%, 0, 0, 3, 11.15, 9, 22
1785374612, 13, 95, 151, 147, 0, 4.07%, 0, 0, 3, 14.33, 9, 22
1785374622, 18, 97, 152, 147, 0, 4.07%, 0, 0, 3, 21.43, 9, 22
1785374627, 18, 97, 153, 148, 0, 4.08%, 0, 0, 3, 17.97, 9, 22
1785374632, 18, 97, 156, 151, 0, 4.08%, 0, 0, 3, 16.83, 9, 22
1785374638, 18, 97, 159, 154, 0, 4.08%, 0, 0, 3, 14.32, 9, 22
1785374643, 18, 97, 161, 156, 0, 4.09%, 0, 0, 3, 10.98, 9, 25
1785374648, 18, 97, 162, 157, 0, 4.09%, 0, 0, 3, 9.25, 9, 25
1785374653, 18, 97, 163, 158, 0, 4.09%, 0, 0, 3, 9.73, 9, 25
1785374663, 18, 97, 164, 159, 0, 4.09%, 0, 0, 3, 13.86, 9, 25
1785374668, 18, 97, 165, 160, 0, 4.10%, 0, 0, 3, 12.32, 9, 25
1785374678, 18, 97, 166, 161, 0, 4.10%, 0, 0, 3, 15.66, 9, 25
1785374694, 22, 98, 167, 161, 0, 4.10%, 0, 0, 3, 15.20, 9, 25
1785374709, 22, 99, 168, 161, 53, 4.10%, 0, 0, 3, 19.07, 9, 25
1785374719, 22, 99, 169, 162, 53, 4.10%, 0, 0, 3, 18.29, 9, 25
1785374724, 23, 105, 170, 162, 0, 4.10%, 0, 0, 3, 19.85, 9, 25
1785374730, 23, 105, 171, 163, 0, 4.11%, 0, 0, 3, 21.19, 9, 25
1785374740, 23, 106, 172, 163, 53, 4.11%, 0, 0, 3, 20.16, 9, 27
1785374750, 24, 108, 172, 162, 14, 4.11%, 0, 0, 3, 25.28, 9, 27
1785374755, 24, 109, 172, 161, 13, 4.11%, 0, 0, 3, 23.73, 9, 27
1785374760, 24, 109, 173, 162, 13, 4.11%, 0, 0, 3, 23.53, 9, 27
1785374771, 25, 112, 173, 161, 12, 4.11%, 0, 0, 3, 24.57, 9, 27
1785374776, 25, 112, 175, 163, 12, 4.12%, 0, 0, 3, 15.21, 9, 27
1785374786, 25, 112, 177, 165, 12, 4.12%, 0, 0, 3, 21.16, 9, 27
1785374791, 26, 118, 178, 165, 0, 4.12%, 0, 0, 3, 25.46, 9, 27
1785374801, 26, 139, 178, 164, 0, 4.12%, 0, 0, 3, 24.06, 9, 27
1785374807, 26, 139, 180, 166, 0, 4.13%, 0, 0, 4, 21.30, 9, 29
1785374822, 26, 143, 180, 165, 54, 4.13%, 0, 0, 4, 28.14, 9, 29
1785374832, 26, 143, 181, 166, 54, 4.13%, 0, 0, 4, 25.21, 9, 29
1785374837, 27, 144, 182, 166, 13, 4.13%, 0, 0, 4, 27.78, 9, 29
1785374842, 27, 144, 183, 167, 13, 4.14%, 0, 0, 4, 23.27, 9, 29
1785374858, 27, 151, 183, 166, 55, 4.14%, 0, 0, 4, 24.77, 9, 29
1785374863, 27, 153, 184, 166, 54, 4.14%, 0, 0, 4, 21.62, 9, 30
1785374883, 27, 159, 184, 165, 53, 4.14%, 0, 0, 4, 22.97, 9, 30
1785374888, 27, 159, 186, 167, 53, 4.14%, 0, 0, 4, 19.22, 9, 31
1785374899, 27, 159, 187, 168, 53, 4.14%, 0, 0, 4, 15.65, 9, 31
1785374929, 27, 160, 187, 167, 53, 4.14%, 0, 0, 4, 19.51, 9, 31
1785374939, 27, 160, 189, 169, 53, 4.14%, 0, 0, 4, 19.82, 9, 31
1785374945, 27, 160, 190, 170, 53, 4.14%, 0, 0, 4, 17.47, 9, 31
1785374955, 27, 164, 193, 172, 53, 4.16%, 0, 0, 4, 15.92, 9, 31
1785374960, 27, 164, 196, 175, 53, 4.17%, 0, 0, 4, 21.98, 9, 31
1785374965, 27, 164, 198, 177, 53, 4.18%, 1, 0, 4, 24.31, 9, 31
1785374970, 27, 164, 200, 179, 53, 4.19%, 1, 0, 4, 18.43, 9, 31
1785374975, 27, 164, 201, 180, 53, 4.19%, 1, 0, 4, 19.78, 9, 31
1785374980, 27, 164, 202, 181, 53, 4.19%, 1, 0, 4, 24.26, 9, 31
1785374990, 27, 164, 203, 182, 53, 4.19%, 1, 0, 4, 26.30, 9, 31
1785374995, 27, 164, 204, 183, 53, 4.20%, 1, 0, 4, 25.04, 9, 31
1785375005, 29, 9, 205, 183, 0, 4.20%, 1, 0, 4, 21.25, 9, 31
1785375011, 29, 9, 207, 185, 0, 4.20%, 1, 0, 4, 16.54, 9, 31
1785375016, 29, 9, 208, 186, 0, 4.20%, 1, 0, 4, 15.84, 9, 31
1785375021, 29, 9, 209, 187, 0, 4.20%, 1, 0, 4, 17.84, 9, 31
1785375026, 29, 9, 210, 188, 0, 4.20%, 1, 0, 4, 19.45, 9, 31
1785375031, 30, 25, 211, 188, 0, 4.21%, 1, 0, 4, 23.99, 9, 31
1785375041, 30, 47, 211, 187, 0, 4.21%, 1, 0, 4, 28.04, 9, 31
1785375046, 31, 69, 211, 186, 0, 4.21%, 1, 0, 4, 23.14, 9, 31
1785375052, 31, 72, 211, 185, 0, 4.21%, 1, 0, 4, 25.32, 9, 31
1785375057, 31, 72, 212, 186, 0, 4.21%, 1, 0, 4, 19.73, 9, 31
1785375062, 31, 72, 213, 187, 0, 4.21%, 1, 0, 4, 18.01, 9, 31
1785375072, 31, 74, 214, 187, 58, 4.21%, 1, 0, 4, 21.31, 9, 31
1785375077, 31, 74, 215, 188, 58, 4.21%, 1, 0, 4, 22.54, 9, 31
1785375082, 31, 74, 216, 189, 58, 4.21%, 1, 0, 4, 25.46, 9, 31
1785375087, 31, 81, 216, 187, 59, 4.21%, 1, 0, 4, 28.29, 9, 31
1785375093, 31, 81, 217, 188, 59, 4.21%, 1, 0, 4, 21.93, 9, 31
1785375108, 32, 90, 217, 187, 0, 4.21%, 1, 0, 4, 21.41, 9, 31
1785375113, 32, 90, 220, 190, 0, 4.22%, 1, 0, 4, 15.83, 10, 32
1785375118, 32, 90, 223, 193, 0, 4.23%, 1, 0, 4, 13.71, 10, 32
1785375124, 32, 90, 225, 195, 0, 4.24%, 1, 0, 4, 15.34, 10, 32
1785375129, 32, 90, 229, 199, 0, 4.25%, 1, 0, 4, 12.14, 10, 32
1785375134, 32, 90, 231, 201, 0, 4.26%, 1, 0, 4, 12.40, 10, 32
1785375139, 32, 90, 233, 203, 0, 4.26%, 1, 0, 4, 12.92, 10, 32
1785375144, 32, 90, 235, 205, 0, 4.26%, 1, 0, 4, 14.32, 10, 32
1785375149, 32, 90, 237, 207, 0, 4.26%, 1, 0, 4, 13.22, 10, 32
1785375170, 32, 92, 237, 206, 68, 4.26%, 1, 0, 4, 20.77, 10, 32
1785375180, 34, 96, 237, 205, 67, 4.26%, 1, 0, 4, 22.73, 10, 32
1785375186, 34, 101, 238, 205, 66, 4.27%, 1, 0, 4, 22.29, 10, 32
1785375191, 34, 101, 239, 206, 66, 4.27%, 1, 0, 4, 18.19, 10, 33
1785375206, 34, 101, 240, 207, 66, 4.28%, 1, 0, 4, 20.22, 10, 33
1785375211, 34, 103, 240, 206, 66, 4.28%, 1, 0, 4, 21.97, 10, 33
1785375221, 34, 114, 240, 205, 65, 4.28%, 1, 0, 4, 21.80, 10, 33
1785375237, 36, 115, 241, 205, 64, 4.28%, 1, 0, 4, 22.73, 10, 33
1785375247, 36, 115, 242, 206, 64, 4.28%, 1, 0, 4, 17.40, 10, 33
1785375252, 38, 116, 242, 205, 11, 4.28%, 1, 0, 4, 22.52, 10, 33
1785375263, 38, 116, 243, 206, 11, 4.28%, 1, 0, 4, 14.91, 10, 33
1785375268, 39, 117, 243, 205, 10, 4.28%, 1, 0, 4, 21.40, 10, 33
1785375278, 39, 120, 243, 204, 9, 4.28%, 1, 0, 4, 23.19, 10, 33
1785375289, 39, 120, 244, 205, 9, 4.28%, 1, 0, 4, 24.82, 10, 33
1785375294, 39, 121, 244, 204, 61, 4.28%, 1, 0, 4, 28.50, 10, 33
1785375299, 39, 122, 246, 205, 60, 4.30%, 1, 0, 4, 23.20, 10, 33
1785375314, 39, 122, 248, 207, 60, 4.30%, 1, 0, 4, 16.91, 10, 33
1785375325, 40, 124, 248, 206, 11, 4.30%, 1, 0, 4, 20.84, 10, 33
1785375335, 40, 124, 249, 207, 11, 4.30%, 1, 0, 4, 17.32, 10, 34
1785375341, 40, 127, 249, 206, 10, 4.30%, 1, 0, 4, 21.18, 10, 34
1785375346, 40, 127, 250, 207, 10, 4.30%, 1, 0, 4, 22.54, 10, 34
1785375351, 40, 127, 251, 208, 10, 4.30%, 1, 0, 4, 24.05, 10, 34
1785375361, 40, 128, 251, 207, 60, 4.30%, 1, 0, 4, 23.45, 10, 34
1785375377, 40, 130, 251, 206, 59, 4.30%, 1, 0, 4, 29.97, 10, 34
1785375382, 40, 131, 251, 205, 58, 4.30%, 1, 0, 4, 29.78, 10, 34
1785375392, 40, 131, 252, 206, 58, 4.30%, 1, 0, 4, 19.87, 10, 34
1785375397, 40, 132, 252, 205, 0, 4.30%, 1, 0, 4, 21.41, 10, 34
1785375402, 40, 132, 254, 207, 0, 4.30%, 1, 0, 4, 20.52, 10, 34
1785375407, 40, 132, 255, 208, 0, 4.30%, 1, 0, 4, 21.37, 10, 34
1785375417, 40, 132, 256, 209, 0, 4.30%, 1, 0, 4, 21.74, 10, 36
1785375433, 40, 132, 257, 210, 0, 4.30%, 1, 0, 4, 20.02, 10, 36
1785375448, 40, 132, 258, 211, 0, 4.30%, 1, 0, 4, 22.12, 10, 36
1785375453, 40, 142, 258, 210, 58, 4.30%, 1, 0, 4, 24.31, 10, 36
1785375463, 40, 142, 259, 211, 58, 4.30%, 1, 0, 4, 20.35, 10, 36
1785375468, 42, 147, 260, 211, 57, 4.30%, 1, 0, 4, 25.30, 10, 36
1785375473, 42, 147, 261, 212, 57, 4.30%, 1, 0, 4, 29.69, 10, 36
1785375479, 42, 147, 262, 213, 57, 4.31%, 1, 0, 4, 28.51, 10, 36
1785375489, 42, 147, 264, 215, 57, 4.31%, 1, 0, 4, 24.60, 10, 36
1785375504, 43, 154, 264, 214, 0, 4.31%, 1, 0, 4, 26.76, 10, 36
1785375514, 43, 154, 265, 215, 0, 4.33%, 1, 0, 4, 24.80, 10, 36
1785375520, 43, 154, 266, 216, 0, 4.33%, 1, 0, 4, 23.53, 10, 36
1785375525, 43, 168, 266, 215, 60, 4.33%, 1, 0, 4, 25.90, 10, 36
1785375535, 45, 169, 266, 214, 59, 4.33%, 1, 0, 4, 26.57, 10, 36
1785375550, 46, 170, 267, 214, 58, 4.33%, 1, 0, 4, 24.39, 10, 36
1785375566, 46, 171, 267, 213, 58, 4.33%, 1, 0, 4, 25.49, 10, 36
1785375576, 46, 171, 268, 214, 58, 4.33%, 1, 0, 4, 23.71, 10, 36
1785375581, 46, 173, 268, 213, 57, 4.33%, 1, 0, 4, 25.08, 10, 36
1785375597, 46, 174, 269, 213, 56, 4.33%, 1, 0, 4, 26.93, 10, 36
1785375602, 46, 174, 270, 214, 56, 4.33%, 1, 0, 4, 21.00, 10, 36
1785375612, 46, 176, 270, 213, 55, 4.33%, 1, 0, 4, 24.93, 10, 36
1785375627, 46, 178, 271, 213, 54, 4.33%, 1, 0, 5, 20.28, 10, 36
1785375658, 46, 178, 272, 214, 54, 4.34%, 1, 0, 5, 22.15, 10, 36
1785375663, 47, 182, 272, 213, 0, 4.34%, 1, 0, 5, 21.68, 10, 36
1785375679, 47, 184, 272, 212, 0, 4.34%, 1, 0, 5, 23.63, 10, 36
1785375699, 47, 184, 273, 213, 0, 4.34%, 1, 0, 5, 21.77, 10, 36
1785375710, 48, 189, 273, 212, 0, 4.34%, 1, 0, 5, 21.52, 10, 36
1785375730, 49, 217, 273, 211, 0, 4.34%, 1, 0, 5, 21.48, 10, 36
1785375745, 51, 227, 275, 212, 0, 4.34%, 1, 0, 5, 21.60, 10, 36
1785375750, 51, 227, 277, 214, 0, 4.35%, 1, 0, 5, 18.48, 10, 36
1785375766, 51, 227, 278, 215, 0, 4.35%, 1, 0, 5, 17.33, 10, 36
1785375781, 51, 227, 279, 216, 0, 4.36%, 1, 0, 5, 20.45, 10, 36
1785375786, 51, 227, 280, 217, 0, 4.36%, 1, 0, 5, 22.96, 10, 36
1785375791, 51, 227, 282, 219, 0, 4.36%, 1, 0, 5, 19.99, 10, 36
1785375796, 51, 230, 282, 218, 55, 4.36%, 1, 0, 5, 21.09, 10, 36
1785375807, 51, 230, 283, 219, 55, 4.37%, 1, 0, 5, 27.81, 10, 36
1785375812, 51, 231, 284, 219, 54, 4.37%, 1, 0, 5, 22.04, 10, 36
1785375817, 51, 231, 285, 220, 54, 4.37%, 1, 0, 5, 25.05, 10, 36
1785375827, 55, 233, 285, 219, 0, 4.37%, 1, 0, 5, 25.08, 10, 36
1785375843, 58, 239, 285, 218, 0, 4.37%, 1, 0, 5, 25.53, 10, 36
1785375858, 60, 242, 285, 217, 0, 4.37%, 1, 0, 5, 19.10, 10, 36
1785375873, 60, 252, 285, 216, 0, 4.37%, 1, 0, 5, 22.35, 10, 36
1785375879, 60, 252, 286, 217, 0, 4.37%, 1, 0, 5, 18.51, 10, 36
1785375889, 60, 252, 287, 218, 0, 4.37%, 1, 0, 5, 16.55, 10, 36
1785375904, 60, 252, 288, 219, 0, 4.37%, 1, 0, 5, 14.26, 10, 36
1785375909, 60, 252, 289, 220, 0, 4.37%, 1, 0, 5, 10.26, 10, 36
1785375920, 60, 252, 290, 221, 0, 4.37%, 1, 0, 5, 20.56, 10, 36
1785375930, 60, 252, 291, 222, 0, 4.37%, 1, 0, 5, 20.95, 10, 36
1785375945, 60, 255, 291, 221, 54, 4.37%, 1, 0, 5, 19.72, 10, 36
1785375950, 60, 255, 292, 222, 54, 4.37%, 1, 0, 5, 13.79, 10, 37
1785375956, 60, 255, 293, 223, 54, 4.37%, 1, 0, 5, 13.98, 10, 38
1785375966, 60, 255, 294, 224, 54, 4.38%, 1, 0, 5, 14.85, 10, 39
1785376002, 60, 255, 295, 225, 54, 4.38%, 1, 0, 5, 15.15, 10, 39
1785376012, 60, 255, 296, 226, 54, 4.38%, 1, 0, 5, 17.08, 10, 39
1785376027, 61, 269, 297, 226, 0, 4.38%, 1, 0, 5, 19.87, 10, 39
1785376053, 61, 269, 298, 227, 0, 4.38%, 1, 0, 5, 22.82, 10, 39
1785376069, 61, 269, 299, 228, 0, 4.38%, 1, 0, 5, 17.70, 10, 39
1785376089, 61, 270, 300, 228, 58, 4.38%, 1, 0, 6, 20.39, 10, 40
1785376125, 62, 279, 301, 228, 0, 4.38%, 1, 0, 6, 23.46, 10, 40
1785376130, 62, 279, 302, 229, 0, 4.38%, 1, 0, 6, 22.38, 10, 40
1785376140, 62, 279, 304, 231, 0, 4.38%, 1, 0, 6, 17.05, 10, 40
1785376146, 62, 279, 305, 232, 0, 4.39%, 1, 0, 6, 20.35, 10, 40
1785376176, 62, 279, 306, 233, 0, 4.39%, 1, 0, 6, 18.92, 10, 40
1785376187, 63, 281, 307, 233, 11, 4.39%, 1, 0, 6, 19.50, 10, 40
1785376217, 65, 286, 309, 234, 0, 4.39%, 1, 0, 6, 17.20, 10, 40
1785376238, 65, 286, 310, 235, 0, 4.39%, 1, 0, 6, 16.25, 10, 40
1785376259, 65, 286, 312, 237, 0, 4.40%, 1, 0, 6, 14.03, 10, 40
1785376264, 65, 286, 313, 238, 0, 4.40%, 1, 0, 6, 9.99, 10, 41
1785376284, 65, 286, 314, 239, 0, 4.40%, 1, 0, 6, 17.28, 10, 41
1785376289, 65, 292, 314, 238, 60, 4.40%, 1, 0, 6, 18.68, 10, 41
1785376310, 65, 292, 315, 239, 60, 4.40%, 1, 0, 6, 18.35, 10, 42
1785376315, 67, 303, 315, 238, 0, 4.40%, 1, 0, 6, 16.77, 10, 42
1785376331, 67, 303, 316, 239, 0, 4.40%, 1, 0, 6, 17.22, 10, 42
1785376341, 68, 310, 317, 239, 0, 4.40%, 1, 0, 7, 14.70, 10, 42
1785376346, 68, 310, 319, 241, 0, 4.40%, 1, 0, 7, 11.72, 10, 42
1785376366, 68, 310, 320, 242, 0, 4.40%, 1, 0, 7, 15.57, 10, 42
1785376402, 68, 311, 320, 241, 59, 4.40%, 1, 0, 7, 19.88, 10, 42
1785376422, 69, 313, 320, 240, 58, 4.40%, 1, 0, 7, 23.07, 10, 42
1785376443, 70, 314, 320, 239, 57, 4.40%, 1, 0, 7, 24.34, 10, 42
1785376458, 70, 314, 321, 240, 57, 4.40%, 1, 0, 7, 19.23, 10, 42
1785376469, 70, 320, 321, 239, 57, 4.40%, 1, 0, 7, 22.20, 10, 42
1785376494, 71, 1, 321, 238, 56, 4.40%, 1, 0, 7, 22.81, 10, 42
1785376504, 71, 1, 322, 239, 56, 4.40%, 1, 0, 7, 23.41, 10, 42
1785376509, 71, 2, 322, 238, 55, 4.40%, 1, 0, 7, 21.16, 10, 42
1785376520, 72, 3, 322, 237, 54, 4.40%, 1, 0, 7, 22.28, 10, 42
1785376525, 72, 3, 323, 238, 54, 4.40%, 1, 0, 7, 22.18, 10, 42
1785376535, 72, 4, 323, 237, 53, 4.40%, 1, 0, 7, 23.76, 10, 42
1785376540, 72, 4, 324, 238, 53, 4.41%, 1, 0, 7, 19.67, 10, 42
1785376550, 72, 5, 324, 237, 53, 4.41%, 1, 0, 7, 21.55, 10, 42
1785376561, 72, 11, 325, 237, 52, 4.41%, 1, 0, 7, 22.59, 10, 42
1785376576, 73, 14, 325, 236, 51, 4.41%, 1, 0, 7, 19.35, 10, 42
1785376592, 74, 21, 326, 236, 50, 4.41%, 1, 0, 7, 21.54, 10, 42
1785376602, 74, 24, 326, 235, 49, 4.41%, 1, 0, 7, 20.66, 10, 42
1785376617, 74, 40, 326, 234, 48, 4.41%, 1, 0, 7, 22.68, 10, 42
1785376627, 75, 53, 326, 233, 47, 4.41%, 1, 0, 7, 24.86, 10, 42
1785376633, 75, 53, 327, 234, 47, 4.42%, 1, 0, 7, 21.10, 10, 42
1785376643, 76, 80, 327, 233, 0, 4.42%, 1, 0, 7, 22.82, 10, 42
1785376653, 76, 284, 328, 233, 0, 4.42%, 1, 0, 7, 19.55, 10, 42
1785376663, 76, 284, 329, 234, 0, 4.43%, 1, 0, 7, 14.63, 10, 42
1785376668, 76, 284, 330, 235, 0, 4.43%, 1, 0, 7, 14.91, 10, 42
1785376673, 76, 284, 332, 237, 0, 4.43%, 1, 0, 7, 18.02, 10, 42
1785376679, 76, 284, 333, 238, 0, 4.43%, 1, 0, 7, 18.41, 10, 42
1785376684, 76, 284, 335, 240, 0, 4.45%, 1, 0, 7, 21.84, 10, 42
1785376694, 76, 284, 336, 241, 0, 4.46%, 1, 0, 7, 17.03, 10, 42
1785376715, 76, 284, 338, 243, 0, 4.47%, 1, 0, 7, 16.06, 10, 42
1785376720, 76, 284, 339, 244, 0, 4.47%, 1, 0, 7, 16.23, 10, 42
1785376730, 76, 284, 340, 245, 0, 4.47%, 1, 0, 7, 12.13, 10, 42
1785376746, 76, 284, 341, 246, 0, 4.47%, 1, 0, 7, 10.63, 10, 42
1785376761, 76, 284, 342, 247, 0, 4.48%, 1, 0, 7, 16.32, 10, 42
1785376766, 79, 83, 343, 247, 0, 4.48%, 1, 0, 7, 16.33, 10, 42
1785376776, 80, 90, 343, 246, 0, 4.48%, 1, 0, 7, 22.82, 10, 42
1785376792, 80, 94, 343, 246, 0, 4.48%, 1, 0, 7, 19.85, 10, 42
1785376807, 80, 110, 343, 246, 0, 4.48%, 1, 0, 7, 22.79, 10, 42
1785376817, 80, 111, 343, 245, 0, 4.48%, 1, 0, 7, 19.30, 10, 42
1785376827, 80, 153, 343, 244, 0, 4.48%, 1, 0, 7, 20.68, 10, 42
1785376843, 80, 153, 344, 245, 0, 4.48%, 1, 0, 7, 17.85, 10, 43
1785376853, 81, 179, 344, 245, 9, 4.48%, 1, 0, 7, 24.42, 10, 43
1785376874, 82, 180, 344, 244, 8, 4.48%, 1, 0, 7, 24.64, 10, 43
1785376884, 82, 180, 346, 246, 8, 4.48%, 1, 0, 7, 24.26, 10, 43
1785376889, 82, 180, 347, 247, 8, 4.48%, 1, 0, 7, 22.21, 10, 43
1785376920, 82, 180, 348, 248, 8, 4.48%, 1, 0, 7, 23.74, 10, 43
1785376935, 84, 185, 348, 247, 9, 4.48%, 1, 0, 7, 21.03, 10, 43
1785376981, 84, 185, 349, 248, 9, 4.48%, 1, 0, 7, 18.96, 10, 43
1785376986, 85, 187, 350, 248, 8, 4.49%, 1, 0, 7, 12.19, 10, 43
1785377002, 85, 187, 351, 249, 8, 4.49%, 1, 0, 7, 29.97, 10, 43
1785377012, 85, 188, 351, 248, 7, 4.49%, 1, 0, 7, 20.37, 10, 43
1785377017, 85, 188, 352, 249, 7, 4.49%, 1, 0, 7, 20.60, 10, 43
1785377022, 85, 188, 353, 250, 7, 4.49%, 1, 0, 7, 18.01, 10, 43
1785377074, 87, 190, 353, 249, 9, 4.49%, 1, 0, 7, 20.80, 10, 43
1785377094, 88, 207, 353, 248, 8, 4.49%, 1, 0, 7, 21.33, 10, 43
1785377110, 88, 208, 353, 247, 7, 4.49%, 1, 0, 7, 20.37, 10, 43
1785377125, 88, 208, 354, 248, 7, 4.49%, 1, 0, 7, 19.59, 10, 43
1785377130, 88, 212, 355, 248, 6, 4.49%, 1, 0, 7, 22.60, 10, 43
1785377145, 90, 228, 355, 247, 0, 4.49%, 1, 0, 7, 19.65, 10, 43
1785377156, 90, 228, 356, 248, 0, 4.49%, 1, 0, 7, 13.07, 10, 43
1785377161, 90, 228, 358, 250, 0, 4.49%, 1, 0, 7, 11.49, 10, 43
1785377181, 91, 234, 358, 249, 8, 4.49%, 1, 0, 7, 19.61, 10, 43
1785377197, 92, 235, 358, 248, 7, 4.49%, 1, 0, 7, 18.51, 10, 43
1785377212, 92, 237, 358, 247, 6, 4.49%, 1, 0, 7, 19.96, 10, 43
1785377233, 93, 244, 358, 246, 5, 4.49%, 1, 0, 7, 25.64, 10, 43
1785377248, 93, 245, 358, 245, 4, 4.49%, 1, 0, 7, 23.50, 10, 43
1785377258, 93, 245, 359, 246, 4, 4.50%, 1, 0, 7, 21.38, 10, 43
1785377269, 94, 285, 359, 245, 0, 4.50%, 1, 0, 7, 21.49, 10, 43
1785377289, 94, 285, 360, 246, 0, 4.50%, 1, 0, 7, 12.84, 10, 43
1785377310, 94, 290, 360, 245, 0, 4.50%, 1, 0, 7, 21.42, 10, 43
1785377325, 95, 301, 360, 244, 0, 4.50%, 1, 0, 7, 18.73, 10, 43
1785377356, 96, 304, 361, 244, 0, 4.50%, 1, 0, 7, 20.49, 10, 43
1785377366, 96, 304, 362, 245, 0, 4.50%, 1, 0, 7, 19.57, 10, 43
1785377402, 96, 304, 363, 246, 0, 4.50%, 1, 0, 7, 20.34, 10, 43
1785377422, 97, 356, 364, 246, 0, 4.50%, 1, 0, 7, 15.03, 10, 43
1785377428, 97, 356, 368, 250, 0, 4.50%, 1, 0, 7, 12.53, 10, 43
1785377438, 97, 356, 369, 251, 0, 4.50%, 1, 0, 7, 14.77, 10, 43
1785377448, 97, 356, 371, 253, 0, 4.50%, 1, 0, 7, 12.17, 10, 43
1785377489, 97, 358, 371, 252, 39, 4.50%, 1, 0, 7, 20.27, 10, 43
1785377505, 97, 358, 372, 253, 39, 4.50%, 1, 0, 7, 28.54, 10, 43
1785377510, 97, 358, 373, 254, 39, 4.50%, 1, 0, 7, 24.14, 10, 43
1785377515, 97, 365, 374, 254, 39, 4.50%, 1, 0, 7, 19.19, 10, 43
1785377520, 97, 365, 375, 255, 39, 4.50%, 1, 0, 7, 14.91, 10, 43
1785377540, 97, 365, 376, 256, 39, 4.50%, 1, 0, 7, 13.73, 10, 43
1785377576, 97, 366, 376, 255, 38, 4.50%, 1, 0, 7, 14.90, 10, 43
1785377601, 97, 367, 376, 254, 37, 4.50%, 1, 0, 7, 16.94, 10, 43
1785377642, 97, 370, 376, 253, 36, 4.50%, 1, 0, 7, 17.62, 10, 43
1785377648, 97, 370, 377, 254, 36, 4.50%, 1, 0, 7, 16.64, 10, 44
1785377668, 97, 370, 378, 255, 36, 4.50%, 1, 0, 7, 15.88, 10, 44
1785377673, 97, 370, 379, 256, 36, 4.50%, 1, 0, 7, 13.64, 10, 44
1785377678, 97, 370, 380, 257, 36, 4.50%, 1, 0, 7, 13.30, 10, 45
1785377714, 99, 40, 380, 256, 35, 4.50%, 1, 0, 7, 16.44, 10, 45
1785377719, 99, 40, 381, 257, 35, 4.50%, 1, 0, 7, 17.08, 10, 45
1785377724, 99, 40, 382, 258, 35, 4.50%, 1, 0, 7, 21.72, 10, 45
1785377740, 99, 372, 382, 258, 34, 4.50%, 1, 0, 7, 16.07, 10, 45
1785377760, 101, 27, 382, 257, 33, 4.50%, 1, 0, 7, 22.19, 10, 45
1785377771, 101, 27, 383, 258, 33, 4.50%, 1, 0, 7, 18.27, 10, 45
1785377776, 102, 29, 383, 257, 0, 4.50%, 1, 0, 7, 25.85, 10, 45
1785377786, 103, 30, 384, 257, 0, 4.53%, 1, 0, 7, 19.38, 10, 45
1785377801, 104, 51, 385, 257, 0, 4.53%, 1, 0, 7, 20.28, 10, 45
1785377816, 107, 59, 386, 257, 8, 4.54%, 1, 0, 7, 16.03, 10, 45
1785377831, 107, 62, 387, 257, 7, 4.54%, 1, 0, 7, 25.29, 10, 45
1785377837, 107, 62, 388, 258, 7, 4.54%, 1, 0, 7, 22.80, 10, 45
1785377847, 107, 68, 388, 257, 35, 4.54%, 1, 0, 7, 21.54, 10, 45
1785377862, 107, 87, 388, 256, 34, 4.54%, 1, 0, 7, 21.49, 10, 45
1785377878, 108, 89, 388, 255, 33, 4.54%, 1, 0, 7, 25.19, 10, 45
1785377883, 108, 102, 388, 254, 32, 4.54%, 1, 0, 7, 26.77, 10, 45
1785377893, 109, 138, 388, 253, 32, 4.54%, 1, 0, 7, 23.20, 10, 45
1785377908, 109, 140, 388, 252, 31, 4.54%, 1, 0, 7, 22.53, 10, 45
1785377918, 110, 213, 388, 251, 30, 4.54%, 1, 0, 7, 23.86, 10, 45
1785377939, 110, 214, 388, 250, 29, 4.54%, 1, 0, 7, 23.77, 10, 45
1785377954, 110, 216, 388, 249, 28, 4.54%, 1, 0, 7, 24.28, 10, 45
1785377970, 110, 216, 389, 250, 28, 4.54%, 1, 0, 7, 18.76, 10, 45
1785377975, 110, 218, 389, 249, 27, 4.54%, 1, 0, 7, 20.55, 10, 45
1785377990, 112, 222, 389, 248, 27, 4.54%, 1, 0, 7, 19.47, 10, 45
1785378000, 112, 222, 390, 249, 27, 4.55%, 1, 0, 7, 21.06, 10, 45
1785378011, 113, 242, 391, 249, 0, 4.55%, 1, 0, 7, 20.88, 10, 45
1785378026, 114, 246, 391, 249, 0, 4.55%, 1, 0, 7, 21.37, 10, 45
1785378031, 114, 246, 392, 250, 0, 4.55%, 1, 0, 7, 26.89, 10, 45
1785378052, 114, 253, 393, 250, 0, 4.55%, 1, 0, 7, 21.38, 10, 45
1785378067, 114, 253, 394, 251, 0, 4.55%, 1, 0, 7, 19.10, 10, 45
1785378093, 114, 253, 395, 252, 0, 4.55%, 1, 0, 7, 18.51, 10, 45
1785378113, 114, 262, 395, 251, 30, 4.55%, 1, 0, 7, 21.53, 10, 45
1785378139, 114, 265, 395, 250, 29, 4.55%, 1, 0, 7, 29.39, 10, 45
1785378154, 114, 275, 395, 249, 28, 4.55%, 1, 0, 7, 24.50, 10, 45
1785378175, 114, 276, 395, 248, 27, 4.55%, 1, 0, 7, 19.95, 10, 45
1785378180, 114, 276, 396, 249, 27, 4.55%, 1, 0, 7, 21.63, 10, 45
1785378200, 114, 276, 397, 250, 27, 4.55%, 1, 0, 7, 18.19, 10, 45
1785378205, 115, 278, 398, 250, 8, 4.56%, 1, 0, 7, 25.32, 10, 45
1785378216, 115, 278, 399, 251, 8, 4.56%, 1, 0, 7, 17.53, 10, 45
1785378246, 115, 283, 399, 250, 26, 4.56%, 1, 0, 7, 24.28, 10, 45
1785378267, 115, 293, 399, 249, 25, 4.56%, 1, 0, 7, 22.53, 10, 45
1785378287, 115, 295, 399, 248, 24, 4.56%, 1, 0, 7, 22.92, 10, 45
1785378308, 116, 296, 400, 248, 23, 4.56%, 1, 0, 7, 21.94, 10, 45
1785378364, 117, 297, 400, 247, 8, 4.56%, 1, 0, 7, 18.72, 10, 45
1785378379, 117, 297, 401, 248, 8, 4.56%, 1, 0, 7, 19.03, 10, 45
1785378395, 118, 299, 401, 247, 7, 4.56%, 1, 0, 7, 24.34, 10, 45
1785378420, 118, 305, 401, 246, 6, 4.56%, 1, 0, 7, 23.17, 10, 45
1785378431, 118, 305, 402, 247, 6, 4.56%, 1, 0, 7, 21.91, 10, 45
1785378441, 119, 306, 402, 246, 5, 4.56%, 1, 0, 7, 29.77, 10, 45
1785378456, 119, 307, 402, 245, 4, 4.56%, 1, 0, 7, 25.69, 10, 45
1785378482, 120, 323, 402, 244, 3, 4.56%, 1, 0, 7, 19.36, 10, 45
1785378492, 120, 323, 403, 245, 3, 4.57%, 1, 0, 7, 19.77, 10, 45
1785378503, 120, 326, 403, 244, 2, 4.57%, 1, 0, 7, 19.87, 10, 45
1785378523, 121, 335, 403, 243, 1, 4.57%, 1, 0, 7, 19.60, 10, 45
1785378554, 123, 342, 403, 242, 0, 4.57%, 1, 0, 7, 20.12, 10, 45
1785378584, 123, 353, 403, 241, 0, 4.57%, 1, 0, 7, 22.30, 10, 45
1785378615, 123, 357, 403, 240, 0, 4.57%, 1, 0, 7, 16.79, 10, 45
1785378625, 123, 357, 404, 241, 0, 4.59%, 1, 0, 7, 12.55, 10, 45
1785378635, 123, 357, 405, 242, 0, 4.59%, 1, 0, 7, 13.01, 10, 45
1785378666, 123, 357, 406, 243, 0, 4.59%, 1, 0, 7, 12.08, 10, 45
1785378677, 123, 382, 406, 242, 17, 4.59%, 1, 0, 7, 13.60, 10, 45
1785378692, 123, 383, 406, 241, 16, 4.59%, 1, 0, 7, 24.70, 10, 45
1785378697, 123, 383, 408, 243, 16, 4.60%, 1, 0, 7, 30.84, 10, 45
1785378702, 123, 383, 409, 244, 16, 4.60%, 1, 0, 7, 26.51, 10, 45
1785378707, 123, 383, 411, 246, 16, 4.60%, 1, 0, 7, 25.84, 10, 45
1785378712, 123, 383, 412, 247, 16, 4.60%, 1, 0, 7, 27.94, 10, 45
1785378722, 123, 383, 413, 248, 16, 4.60%, 1, 0, 7, 30.30, 10, 45
1785378728, 123, 383, 414, 249, 16, 4.60%, 1, 0, 7, 22.77, 10, 45
1785378738, 123, 384, 414, 248, 17, 4.60%, 1, 0, 7, 24.33, 10, 45
1785378753, 124, 386, 415, 248, 8, 4.61%, 1, 0, 7, 21.31, 10, 45
1785378774, 124, 389, 415, 247, 7, 4.61%, 1, 0, 7, 25.28, 10, 45
1785378789, 125, 392, 415, 246, 6, 4.61%, 1, 0, 7, 19.70, 10, 45
1785378794, 125, 392, 417, 248, 6, 4.61%, 1, 0, 7, 17.20, 10, 45
1785378799, 125, 392, 418, 249, 6, 4.61%, 1, 0, 7, 16.53, 10, 45
1785378845, 125, 398, 418, 248, 5, 4.61%, 1, 0, 7, 19.08, 10, 45
1785378866, 125, 399, 419, 248, 4, 4.62%, 1, 0, 7, 24.18, 10, 45
1785378897, 128, 403, 419, 247, 0, 4.62%, 1, 0, 7, 22.48, 10, 45
1785378938, 130, 417, 419, 246, 0, 4.62%, 1, 0, 7, 16.36, 10, 45
1785378943, 130, 417, 420, 247, 0, 4.62%, 1, 0, 7, 16.27, 10, 45
1785378989, 130, 419, 420, 246, 0, 4.62%, 1, 0, 7, 15.87, 10, 45
1785379025, 131, 84, 420, 245, 0, 4.62%, 1, 0, 7, 20.02, 10, 45
1785379040, 133, 85, 420, 244, 0, 4.62%, 1, 0, 7, 16.92, 10, 45
1785379051, 133, 91, 420, 243, 0, 4.62%, 1, 0, 7, 18.51, 10, 45
1785379066, 133, 100, 420, 242, 0, 4.62%, 1, 0, 7, 18.58, 10, 45
1785379081, 134, 154, 420, 241, 0, 4.62%, 1, 0, 7, 20.12, 10, 45
1785379097, 134, 167, 420, 241, 0, 4.62%, 1, 0, 7, 19.37, 10, 45
1785379112, 134, 167, 421, 242, 0, 4.62%, 1, 0, 7, 20.63, 10, 46
1785379118, 134, 206, 421, 241, 0, 4.62%, 1, 0, 7, 21.36, 10, 46
1785379133, 134, 215, 421, 240, 0, 4.62%, 1, 0, 7, 24.03, 10, 46
1785379143, 134, 215, 422, 241, 0, 4.62%, 1, 0, 7, 20.46, 10, 46
1785379153, 134, 219, 422, 240, 0, 4.62%, 1, 0, 7, 18.83, 10, 46
1785379169, 135, 229, 422, 239, 0, 4.62%, 1, 0, 7, 23.77, 10, 46
1785379179, 135, 229, 423, 240, 0, 4.62%, 1, 0, 7, 21.83, 10, 46
1785379184, 135, 250, 423, 239, 13, 4.62%, 1, 0, 7, 21.88, 10, 46
1785379225, 135, 251, 423, 238, 12, 4.62%, 1, 0, 7, 21.27, 10, 46
1785379251, 137, 292, 424, 238, 11, 4.62%, 1, 0, 7, 19.62, 10, 46
1785379281, 138, 343, 425, 239, 11, 4.62%, 1, 0, 7, 19.40, 10, 46
1785379302, 138, 343, 426, 240, 11, 4.62%, 1, 0, 7, 17.54, 10, 46
1785379317, 138, 344, 426, 239, 11, 4.62%, 1, 0, 7, 20.28, 10, 46
1785379358, 139, 347, 427, 239, 10, 4.62%, 1, 0, 7, 23.17, 10, 46
1785379368, 139, 347, 428, 240, 10, 4.63%, 1, 0, 7, 19.59, 10, 46
1785379414, 141, 362, 428, 239, 0, 4.63%, 1, 0, 7, 18.79, 10, 46
1785379445, 141, 364, 428, 238, 0, 4.63%, 1, 0, 7, 19.62, 10, 46
1785379481, 141, 369, 428, 237, 0, 4.63%, 1, 0, 7, 16.95, 10, 46
1785379486, 141, 369, 429, 238, 0, 4.63%, 1, 0, 7, 16.20, 10, 47
1785379517, 141, 369, 431, 240, 0, 4.63%, 1, 0, 7, 13.41, 10, 47
1785379537, 143, 405, 431, 239, 8, 4.63%, 1, 0, 7, 18.70, 10, 47
1785379558, 143, 405, 432, 240, 8, 4.63%, 1, 0, 7, 23.11, 10, 47
1785379563, 144, 415, 433, 240, 0, 4.63%, 1, 0, 7, 14.92, 10, 47
1785379584, 144, 415, 434, 241, 0, 4.63%, 1, 0, 7, 14.15, 10, 47
1785379645, 144, 418, 434, 240, 13, 4.63%, 1, 0, 7, 21.58, 10, 47
1785379666, 144, 418, 435, 241, 13, 4.63%, 1, 0, 8, 22.60, 10, 47
1785379686, 145, 422, 435, 240, 8, 4.63%, 1, 0, 8, 23.39, 10, 47
1785379712, 146, 425, 435, 239, 7, 4.63%, 1, 0, 8, 25.25, 10, 47
1785379727, 147, 427, 435, 238, 6, 4.63%, 1, 0, 8, 21.82, 10, 47
1785379743, 148, 114, 435, 237, 5, 4.63%, 1, 0, 8, 20.74, 10, 47
1785379748, 148, 114, 436, 238, 5, 4.63%, 1, 0, 8, 16.54, 10, 47
1785379763, 148, 429, 437, 239, 0, 4.63%, 1, 0, 8, 14.46, 10, 47
1785379820, 149, 432, 437, 238, 0, 4.63%, 1, 0, 8, 16.78, 10, 47
1785379850, 150, 30, 437, 237, 0, 4.63%, 1, 0, 8, 20.58, 10, 47
1785379861, 150, 50, 437, 237, 0, 4.63%, 1, 0, 8, 26.73, 10, 47
1785379871, 151, 80, 437, 236, 0, 4.63%, 1, 0, 8, 22.17, 10, 47
1785379881, 151, 88, 437, 236, 0, 4.63%, 1, 0, 8, 23.38, 10, 47
1785379886, 151, 88, 438, 237, 0, 4.63%, 1, 0, 8, 22.50, 10, 47
1785379891, 151, 104, 438, 236, 0, 4.63%, 1, 0, 8, 23.47, 10, 47
1785379901, 152, 123, 438, 235, 0, 4.63%, 1, 0, 8, 25.30, 10, 47
1785379917, 152, 161, 438, 234, 0, 4.63%, 1, 0, 8, 21.96, 10, 47
1785379932, 152, 162, 438, 233, 0, 4.63%, 1, 0, 8, 20.21, 10, 47
1785379947, 153, 163, 438, 232, 0, 4.63%, 1, 0, 8, 20.63, 10, 47
1785379968, 154, 183, 438, 231, 0, 4.63%, 1, 0, 8, 16.04, 10, 47
1785379998, 155, 192, 438, 230, 0, 4.63%, 1, 0, 8, 25.22, 10, 47
1785380014, 156, 193, 438, 229, 0, 4.63%, 1, 0, 8, 21.48, 10, 47
1785380034, 156, 204, 438, 228, 0, 4.63%, 1, 0, 8, 22.53, 10, 47
1785380049, 156, 221, 438, 227, 0, 4.63%, 1, 0, 8, 27.90, 10, 47
1785380064, 156, 229, 438, 226, 0, 4.63%, 1, 0, 8, 19.56, 10, 47
1785380080, 156, 238, 438, 226, 0, 4.63%, 1, 0, 8, 20.23, 10, 47
1785380095, 156, 241, 438, 225, 0, 4.63%, 1, 0, 8, 20.11, 10, 47
1785380110, 157, 248, 438, 224, 0, 4.63%, 1, 0, 8, 18.66, 10, 47
1785380136, 158, 249, 439, 224, 0, 4.63%, 1, 0, 8, 20.29, 10, 47
1785380172, 158, 258, 439, 223, 0, 4.63%, 1, 0, 8, 25.56, 10, 47
1785380193, 159, 264, 440, 223, 0, 4.64%, 1, 0, 8, 26.72, 10, 47
1785380223, 159, 280, 441, 223, 12, 4.64%, 1, 0, 8, 21.31, 10, 47
1785380243, 159, 339, 441, 222, 11, 4.64%, 1, 0, 8, 25.81, 10, 47
1785380269, 159, 352, 441, 221, 10, 4.64%, 1, 0, 8, 23.24, 10, 47
1785380289, 160, 359, 442, 221, 9, 4.64%, 1, 0, 8, 22.67, 10, 47
1785380295, 160, 359, 443, 222, 9, 4.64%, 1, 0, 8, 17.42, 10, 47
1785380341, 161, 411, 443, 221, 9, 4.64%, 1, 0, 8, 22.97, 10, 47
1785380366, 162, 413, 443, 220, 8, 4.64%, 1, 0, 8, 23.48, 10, 47
1785380377, 162, 413, 444, 221, 8, 4.64%, 1, 0, 8, 21.78, 10, 47
1785380387, 162, 413, 445, 222, 8, 4.64%, 1, 0, 8, 20.64, 10, 47
1785380397, 162, 434, 448, 224, 8, 4.64%, 1, 0, 9, 14.91, 10, 47
1785380444, 162, 434, 449, 225, 8, 4.64%, 1, 0, 9, 9.50, 10, 47
1785380464, 162, 434, 450, 226, 8, 4.64%, 1, 0, 9, 10.22, 10, 47
1785380474, 162, 434, 451, 227, 8, 4.65%, 1, 0, 9, 9.50, 10, 47
1785380495, 162, 434, 452, 228, 8, 4.65%, 1, 0, 9, 10.14, 10, 47
1785380505, 162, 434, 453, 229, 8, 4.65%, 1, 0, 9, 10.77, 10, 48
1785380531, 163, 414, 453, 228, 7, 4.65%, 1, 0, 9, 12.53, 10, 48
1785380577, 163, 428, 453, 227, 6, 4.65%, 1, 0, 9, 19.80, 10, 48
1785380587, 163, 428, 454, 228, 6, 4.65%, 1, 0, 9, 16.88, 10, 49
1785380613, 163, 428, 455, 229, 6, 4.65%, 1, 0, 9, 13.20, 10, 49
1785380624, 165, 431, 455, 228, 5, 4.65%, 1, 0, 9, 19.94, 10, 49
1785380649, 166, 96, 455, 227, 4, 4.65%, 1, 0, 9, 16.48, 10, 49
1785380670, 166, 96, 456, 228, 4, 4.65%, 1, 0, 9, 9.94, 10, 50
1785380675, 166, 433, 456, 228, 4, 4.65%, 1, 0, 9, 16.51, 10, 50
1785380690, 166, 435, 456, 227, 3, 4.65%, 1, 0, 9, 27.09, 10, 50
1785380706, 167, 438, 456, 226, 2, 4.65%, 1, 0, 9, 24.61, 10, 50
1785380711, 167, 438, 457, 227, 2, 4.65%, 1, 0, 9, 21.37, 10, 50
1785380747, 168, 439, 457, 226, 2, 4.65%, 1, 0, 9, 24.82, 10, 50
1785380762, 168, 439, 458, 227, 2, 4.65%, 1, 0, 9, 22.64, 10, 50
1785380772, 168, 440, 458, 226, 3, 4.65%, 1, 0, 9, 24.57, 10, 50
1785380793, 169, 457, 458, 225, 2, 4.65%, 1, 0, 9, 25.94, 10, 50
1785380814, 170, 9, 458, 224, 1, 4.65%, 1, 0, 9, 20.99, 10, 50
1785380824, 170, 9, 459, 225, 1, 4.65%, 1, 0, 9, 14.60, 10, 50
1785380834, 171, 135, 459, 225, 1, 4.65%, 1, 0, 9, 23.19, 10, 50
1785380850, 172, 186, 459, 224, 0, 4.65%, 1, 0, 9, 26.26, 10, 50
1785380870, 174, 189, 459, 223, 0, 4.65%, 1, 0, 9, 20.48, 10, 50
1785380896, 174, 199, 459, 223, 0, 4.65%, 1, 0, 9, 22.58, 10, 50
1785380916, 174, 247, 459, 222, 0, 4.65%, 1, 0, 9, 24.70, 10, 50
1785380926, 174, 247, 460, 223, 0, 4.65%, 1, 0, 9, 21.63, 10, 50
1785380937, 175, 330, 460, 222, 9, 4.65%, 1, 0, 9, 23.82, 10, 50
1785380952, 175, 337, 460, 221, 8, 4.65%, 1, 0, 9, 28.25, 10, 50
1785380973, 175, 455, 460, 220, 7, 4.65%, 1, 0, 9, 23.57, 10, 50
1785380978, 175, 455, 461, 221, 7, 4.65%, 1, 0, 9, 16.59, 10, 51
1785380983, 175, 455, 462, 222, 7, 4.65%, 1, 0, 9, 17.27, 10, 51
1785380988, 175, 455, 463, 223, 7, 4.65%, 1, 0, 9, 14.75, 10, 51
1785381029, 175, 455, 464, 224, 7, 4.65%, 1, 0, 9, 14.94, 10, 51
1785381034, 175, 455, 465, 225, 7, 4.65%, 1, 0, 9, 12.44, 10, 51
1785381050, 177, 463, 465, 224, 9, 4.65%, 1, 0, 9, 20.60, 10, 51
1785381075, 177, 463, 466, 225, 9, 4.65%, 1, 0, 9, 15.84, 10, 52
1785381080, 179, 464, 466, 224, 0, 4.65%, 1, 0, 9, 17.94, 10, 52
1785381106, 180, 9, 466, 223, 0, 4.65%, 1, 0, 9, 20.33, 10, 52
1785381121, 180, 69, 466, 223, 0, 4.65%, 1, 0, 9, 11.84, 10, 52
1785381147, 181, 22, 466, 223, 0, 4.65%, 1, 0, 9, 15.30, 10, 52
1785381157, 182, 36, 466, 223, 0, 4.65%, 1, 0, 9, 24.07, 10, 52
1785381167, 184, 52, 466, 222, 0, 4.65%, 1, 0, 9, 22.09, 10, 52
1785381177, 186, 57, 466, 221, 0, 4.65%, 1, 0, 9, 23.22, 10, 52
1785381187, 187, 63, 466, 220, 0, 4.65%, 1, 0, 9, 27.43, 10, 52
1785381198, 187, 70, 466, 219, 0, 4.65%, 1, 0, 9, 25.20, 10, 52
1785381213, 187, 92, 466, 218, 0, 4.65%, 1, 0, 9, 17.74, 10, 52
1785381228, 187, 112, 467, 219, 0, 4.66%, 1, 0, 9, 20.72, 10, 52
1785381239, 188, 133, 467, 219, 9, 4.66%, 1, 0, 9, 20.85, 10, 52
1785381254, 188, 157, 467, 218, 8, 4.66%, 1, 0, 9, 26.65, 10, 52
1785381275, 188, 225, 467, 217, 8, 4.66%, 1, 0, 9, 21.51, 10, 52
1785381285, 190, 283, 467, 216, 7, 4.66%, 1, 0, 9, 22.20, 10, 52
1785381306, 191, 331, 467, 216, 7, 4.66%, 1, 0, 9, 26.63, 10, 52
1785381311, 191, 331, 468, 217, 7, 4.66%, 1, 0, 9, 27.05, 10, 52
1785381358, 193, 333, 468, 216, 11, 4.66%, 1, 0, 9, 25.59, 10, 52
1785381363, 193, 333, 469, 217, 11, 4.66%, 1, 0, 9, 22.37, 10, 52
1785381404, 193, 333, 470, 218, 11, 4.66%, 1, 0, 9, 18.69, 10, 52
1785381414, 193, 340, 470, 217, 3, 4.66%, 1, 0, 9, 22.96, 10, 52
1785381434, 193, 465, 471, 217, 2, 4.66%, 1, 0, 9, 18.75, 10, 52
1785381449, 193, 467, 471, 216, 1, 4.66%, 1, 0, 9, 22.50, 10, 52
1785381454, 193, 467, 472, 217, 1, 4.66%, 1, 0, 9, 19.36, 10, 52
1785381475, 194, 468, 472, 216, 11, 4.66%, 1, 0, 9, 24.22, 10, 52
1785381495, 194, 471, 472, 215, 10, 4.66%, 1, 0, 9, 24.57, 10, 52
1785381511, 196, 25, 472, 214, 9, 4.66%, 1, 0, 9, 23.09, 10, 52
1785381521, 196, 81, 472, 214, 9, 4.66%, 1, 0, 9, 24.11, 10, 52
1785381531, 196, 354, 472, 214, 9, 4.66%, 1, 0, 9, 18.85, 10, 52
1785381552, 197, 393, 472, 213, 9, 4.66%, 1, 0, 9, 21.87, 10, 52
1785381557, 197, 393, 473, 214, 9, 4.66%, 1, 0, 9, 19.31, 10, 52
1785381567, 197, 393, 474, 215, 9, 4.66%, 1, 0, 9, 15.88, 10, 52
1785381577, 197, 393, 475, 216, 9, 4.73%, 1, 0, 9, 17.67, 10, 52
1785381582, 197, 393, 476, 217, 9, 4.73%, 1, 0, 9, 14.85, 10, 53
1785381608, 197, 402, 478, 218, 0, 4.73%, 1, 0, 9, 19.36, 10, 54
1785381639, 197, 421, 478, 217, 0, 4.73%, 1, 0, 9, 21.49, 10, 54
1785381660, 197, 424, 478, 216, 0, 4.73%, 1, 0, 9, 21.62, 10, 54
1785381685, 197, 441, 478, 215, 0, 4.73%, 1, 0, 9, 19.86, 10, 54
1785381716, 197, 456, 478, 214, 0, 4.73%, 1, 0, 9, 20.19, 10, 54
1785381747, 199, 472, 478, 213, 0, 4.73%, 1, 0, 9, 16.23, 10, 54
1785381752, 199, 472, 479, 214, 0, 4.74%, 1, 0, 9, 14.83, 10, 54
1785381783, 200, 478, 479, 213, 9, 4.74%, 1, 0, 9, 21.82, 10, 54
1785381793, 200, 478, 480, 214, 9, 4.75%, 1, 0, 9, 13.13, 10, 54
1785381808, 201, 9, 480, 213, 1, 4.75%, 1, 0, 9, 22.81, 10, 54
1785381824, 201, 62, 480, 213, 1, 4.75%, 1, 0, 9, 24.04, 10, 54
1785381834, 201, 214, 480, 213, 1, 4.75%, 1, 0, 9, 24.35, 10, 54
1785381849, 201, 329, 480, 213, 1, 4.75%, 1, 0, 9, 25.37, 10, 54
1785381865, 202, 346, 480, 212, 0, 4.75%, 1, 0, 9, 23.09, 10, 54
1785381896, 203, 228, 480, 211, 0, 4.75%, 1, 0, 9, 15.70, 10, 54
1785381922, 203, 355, 480, 211, 0, 4.75%, 1, 0, 9, 14.42, 10, 54
1785381947, 204, 361, 481, 211, 0, 4.75%, 1, 0, 9, 17.15, 10, 54
1785381963, 204, 361, 482, 212, 0, 4.75%, 1, 0, 9, 15.22, 10, 54
1785381968, 204, 361, 483, 213, 0, 4.75%, 1, 0, 9, 19.06, 10, 54
1785381978, 204, 361, 484, 214, 0, 4.75%, 1, 0, 9, 17.72, 10, 54
1785381999, 204, 361, 485, 215, 0, 4.75%, 1, 0, 9, 16.02, 10, 54
1785382004, 204, 361, 488, 218, 0, 4.75%, 1, 0, 9, 17.13, 10, 54
1785382014, 204, 372, 488, 217, 2, 4.75%, 1, 0, 9, 23.54, 10, 54
1785382019, 204, 372, 489, 218, 2, 4.75%, 1, 0, 9, 19.13, 10, 54
1785382040, 204, 479, 489, 218, 3, 4.75%, 1, 0, 9, 22.77, 10, 54
1785382050, 204, 479, 490, 219, 3, 4.75%, 1, 0, 9, 20.34, 10, 54
1785382060, 204, 479, 491, 220, 3, 4.75%, 1, 0, 9, 13.02, 10, 54
1785382081, 204, 487, 491, 219, 3, 4.75%, 1, 0, 9, 22.07, 10, 54
1785382102, 207, 488, 491, 218, 2, 4.75%, 1, 0, 9, 24.41, 10, 54
1785382117, 207, 488, 492, 219, 2, 4.75%, 1, 0, 9, 22.70, 10, 54
1785382127, 207, 489, 493, 219, 2, 4.75%, 1, 0, 10, 4.72, 10, 54
1785382133, 207, 489, 494, 220, 2, 4.75%, 1, 0, 10, 17.61, 10, 54
1785382215, 208, 465, 494, 219, 10, 4.75%, 1, 0, 10, 12.89, 10, 54
1785382246, 208, 491, 494, 219, 10, 4.75%, 1, 0, 10, 17.16, 10, 54
1785382276, 208, 491, 495, 220, 10, 4.75%, 1, 0, 10, 20.46, 10, 54
1785382286, 208, 493, 495, 219, 9, 4.75%, 1, 0, 10, 19.63, 10, 54
1785382307, 208, 493, 496, 220, 9, 4.75%, 1, 0, 11, 12.10, 10, 54
1785382333, 209, 133, 496, 219, 8, 4.75%, 1, 0, 11, 18.65, 10, 54
1785382348, 210, 285, 496, 219, 8, 4.75%, 1, 0, 11, 23.61, 10, 54
1785382384, 210, 315, 496, 219, 8, 4.75%, 1, 0, 11, 18.34, 10, 54
1785382394, 210, 315, 497, 220, 8, 4.75%, 1, 0, 11, 17.84, 10, 54
1785382430, 210, 338, 497, 219, 8, 4.75%, 1, 0, 11, 23.22, 10, 54
1785382451, 211, 151, 497, 218, 7, 4.75%, 1, 0, 11, 26.60, 10, 54
1785382461, 211, 228, 497, 218, 7, 4.75%, 1, 0, 11, 23.00, 10, 54
1785382476, 211, 228, 498, 219, 7, 4.75%, 1, 0, 11, 16.58, 10, 54
1785382481, 211, 259, 498, 219, 0, 4.75%, 1, 0, 11, 25.40, 10, 54
1785382527, 212, 260, 498, 218, 0, 4.75%, 1, 0, 11, 23.52, 10, 54
1785382547, 212, 291, 498, 217, 0, 4.75%, 1, 0, 11, 20.20, 10, 54
1785382573, 213, 294, 498, 216, 0, 4.75%, 1, 0, 11, 19.59, 10, 54
1785382593, 214, 309, 498, 215, 0, 4.75%, 1, 0, 11, 18.44, 10, 54
1785382619, 214, 321, 499, 215, 0, 4.75%, 1, 0, 11, 18.90, 10, 57
1785382645, 214, 347, 499, 214, 1, 4.75%, 1, 0, 11, 20.56, 10, 57
1785382670, 215, 498, 499, 214, 1, 4.75%, 1, 0, 11, 20.43, 10, 57
1785382675, 215, 498, 500, 215, 1, 4.75%, 1, 0, 11, 22.00, 10, 58
1785382691, 217, 39, 500, 214, 0, 4.75%, 1, 0, 11, 22.35, 10, 58
1785382701, 218, 85, 500, 213, 0, 4.75%, 1, 0, 11, 22.25, 10, 58
1785382716, 218, 92, 500, 213, 0, 4.75%, 1, 0, 11, 19.13, 10, 58
1785382721, 218, 92, 501, 214, 0, 4.75%, 1, 0, 11, 20.41, 10, 58
1785382726, 219, 107, 501, 214, 0, 4.75%, 1, 0, 11, 20.40, 10, 58
1785382742, 219, 124, 501, 213, 0, 4.75%, 1, 0, 11, 25.11, 10, 58
1785382752, 219, 131, 501, 213, 0, 4.75%, 1, 0, 11, 23.88, 10, 58
1785382762, 219, 209, 501, 213, 0, 4.75%, 1, 0, 11, 21.00, 10, 58
1785382783, 219, 214, 501, 212, 0, 4.75%, 1, 0, 11, 19.53, 10, 58
1785382798, 219, 220, 501, 212, 0, 4.75%, 1, 0, 11, 24.29, 10, 58
1785382819, 221, 247, 501, 211, 0, 4.75%, 1, 0, 11, 23.81, 10, 58
1785382834, 221, 254, 501, 211, 0, 4.75%, 1, 0, 11, 21.49, 10, 58
1785382844, 221, 254, 502, 212, 0, 4.75%, 1, 0, 11, 16.62, 10, 58
1785382880, 221, 263, 502, 211, 0, 4.75%, 1, 0, 11, 19.25, 10, 58
1785382906, 221, 266, 502, 210, 0, 4.75%, 1, 0, 11, 23.99, 10, 58
1785382932, 221, 270, 502, 209, 0, 4.75%, 1, 0, 11, 26.50, 10, 58
1785382942, 221, 270, 503, 210, 0, 4.75%, 1, 0, 11, 23.45, 10, 58
1785382958, 223, 280, 503, 210, 0, 4.75%, 1, 0, 11, 27.72, 10, 58
1785382973, 224, 22, 503, 210, 0, 4.75%, 1, 0, 11, 25.29, 10, 58
1785382999, 224, 296, 504, 211, 0, 4.75%, 1, 0, 11, 13.07, 10, 58
1785383060, 224, 312, 504, 211, 1, 4.75%, 1, 0, 11, 16.35, 10, 58
1785383065, 224, 312, 505, 212, 1, 4.76%, 1, 0, 11, 17.85, 10, 58
1785383081, 225, 316, 505, 211, 0, 4.76%, 1, 0, 11, 14.93, 10, 58
1785383116, 225, 322, 505, 210, 0, 4.76%, 1, 0, 11, 21.12, 10, 58
1785383127, 226, 325, 505, 209, 0, 4.76%, 1, 0, 11, 25.51, 10, 58
1785383142, 226, 325, 506, 210, 0, 4.76%, 1, 0, 11, 17.87, 10, 58
1785383152, 227, 25, 506, 209, 0, 4.76%, 1, 0, 11, 15.91, 10, 58
1785383173, 228, 359, 506, 209, 0, 4.76%, 1, 0, 11, 17.26, 10, 58
1785383193, 228, 359, 507, 210, 0, 4.76%, 1, 0, 11, 15.44, 10, 58
1785383204, 228, 368, 507, 210, 0, 4.76%, 1, 0, 11, 17.38, 10, 58
1785383240, 228, 379, 507, 209, 0, 4.76%, 1, 0, 11, 19.10, 10, 58
1785383260, 228, 379, 508, 210, 0, 4.76%, 1, 0, 11, 16.60, 10, 58
1785383281, 230, 388, 508, 209, 0, 4.76%, 1, 0, 11, 16.50, 10, 58
1785383296, 230, 388, 509, 210, 0, 4.76%, 1, 0, 11, 26.72, 10, 58
1785383301, 231, 394, 509, 209, 0, 4.76%, 1, 0, 11, 21.53, 10, 58
1785383327, 231, 420, 509, 208, 0, 4.76%, 1, 0, 11, 15.01, 10, 58
1785383352, 232, 423, 509, 207, 0, 4.76%, 1, 0, 11, 19.12, 10, 58
1785383357, 232, 423, 510, 208, 0, 4.76%, 1, 0, 11, 16.37, 10, 58
1785383367, 232, 423, 511, 209, 0, 4.76%, 1, 0, 11, 16.12, 10, 58
1785383424, 232, 426, 511, 208, 0, 4.76%, 1, 0, 11, 26.91, 10, 58
1785383450, 232, 453, 513, 209, 0, 4.77%, 1, 0, 11, 14.73, 10, 58
1785383490, 233, 456, 513, 208, 10, 4.77%, 1, 0, 11, 17.79, 10, 58
1785383496, 233, 456, 514, 209, 10, 4.77%, 1, 0, 11, 18.79, 10, 58
1785383501, 233, 456, 515, 210, 10, 4.77%, 1, 0, 11, 14.96, 10, 58
1785383521, 233, 456, 516, 211, 10, 4.77%, 1, 0, 11, 19.22, 10, 58
1785383557, 233, 503, 516, 211, 10, 4.77%, 1, 0, 11, 20.98, 10, 58
1785383582, 234, 504, 516, 210, 9, 4.77%, 1, 0, 11, 19.73, 10, 58
1785383588, 234, 504, 518, 212, 9, 4.77%, 1, 0, 11, 18.17, 10, 58
1785383608, 234, 504, 519, 213, 9, 4.77%, 1, 0, 11, 20.12, 10, 58
1785383618, 234, 504, 520, 214, 9, 4.77%, 1, 0, 11, 24.28, 10, 58
1785383633, 234, 511, 520, 213, 3, 4.77%, 1, 0, 11, 25.90, 10, 58
1785383659, 234, 516, 520, 212, 2, 4.77%, 1, 0, 11, 17.80, 10, 58
1785383695, 235, 517, 521, 212, 1, 4.77%, 1, 0, 11, 18.34, 10, 58
1785383700, 235, 517, 522, 213, 1, 4.77%, 1, 0, 11, 22.34, 10, 58
1785383736, 236, 130, 522, 212, 8, 4.77%, 1, 0, 11, 20.14, 10, 58
1785383756, 237, 169, 522, 212, 8, 4.77%, 1, 0, 11, 17.22, 10, 58
1785383767, 237, 169, 523, 213, 8, 4.77%, 1, 0, 11, 17.34, 10, 58
1785383777, 237, 169, 524, 214, 8, 4.77%, 1, 0, 11, 16.67, 10, 58
1785383788, 237, 521, 524, 214, 10, 4.77%, 1, 0, 11, 18.51, 10, 58
1785383808, 237, 521, 525, 215, 10, 4.77%, 1, 0, 11, 19.75, 10, 58
1785383829, 239, 92, 525, 214, 9, 4.77%, 1, 0, 11, 21.38, 10, 58
1785383840, 239, 312, 525, 214, 9, 4.77%, 1, 0, 11, 18.53, 10, 58
1785383860, 239, 438, 525, 214, 9, 4.77%, 1, 0, 11, 20.72, 10, 58
1785383886, 241, 453, 525, 214, 9, 4.77%, 1, 0, 11, 7.10, 10, 58
1785383906, 241, 514, 525, 214, 9, 4.77%, 1, 0, 11, 21.68, 10, 58
1785383911, 241, 514, 526, 215, 9, 4.77%, 1, 0, 11, 19.44, 10, 58
1785383926, 241, 514, 527, 216, 9, 4.77%, 1, 0, 11, 17.89, 10, 58
1785383942, 241, 514, 528, 217, 9, 4.77%, 1, 0, 11, 16.52, 10, 58
1785383973, 241, 522, 528, 216, 9, 4.77%, 1, 0, 11, 22.48, 10, 58
1785383988, 241, 523, 528, 215, 8, 4.77%, 1, 0, 11, 29.33, 10, 58
1785384008, 243, 130, 528, 214, 7, 4.77%, 1, 0, 11, 27.67, 10, 58
1785384019, 243, 141, 528, 214, 7, 4.77%, 1, 0, 11, 27.98, 10, 58
1785384034, 243, 149, 528, 213, 6, 4.77%, 1, 0, 11, 23.38, 10, 58
1785384044, 243, 193, 528, 212, 5, 4.77%, 1, 0, 11, 24.85, 10, 58
1785384065, 244, 239, 528, 212, 5, 4.77%, 1, 0, 11, 21.12, 10, 58
1785384085, 246, 336, 529, 213, 5, 4.78%, 1, 0, 11, 23.60, 10, 58
1785384116, 246, 349, 529, 212, 0, 4.78%, 1, 0, 11, 26.38, 10, 58
1785384131, 247, 361, 529, 211, 0, 4.78%, 1, 0, 11, 22.07, 10, 58
1785384168, 248, 374, 529, 211, 0, 4.78%, 1, 0, 11, 21.17, 10, 58
1785384188, 248, 378, 529, 210, 0, 4.78%, 1, 0, 11, 20.34, 10, 58
1785384229, 248, 396, 529, 209, 0, 4.78%, 1, 0, 11, 20.88, 10, 58
1785384245, 248, 400, 529, 208, 0, 4.78%, 1, 0, 11, 26.74, 10, 58
1785384265, 249, 429, 530, 208, 0, 4.78%, 1, 0, 11, 5.09, 10, 58
1785384311, 249, 430, 530, 208, 0, 4.78%, 1, 0, 11, 19.36, 10, 58
1785384342, 249, 434, 530, 207, 0, 4.78%, 1, 0, 11, 24.92, 10, 58
1785384368, 249, 434, 531, 208, 0, 4.79%, 1, 0, 11, 19.21, 10, 58
1785384388, 249, 437, 531, 208, 0, 4.79%, 1, 0, 11, 25.45, 10, 58
1785384398, 250, 458, 531, 207, 0, 4.79%, 1, 0, 11, 26.31, 10, 58
1785384414, 250, 461, 531, 206, 0, 4.79%, 1, 0, 11, 16.98, 10, 58
1785384435, 250, 461, 532, 207, 0, 4.79%, 1, 0, 11, 16.18, 10, 58
1785384440, 250, 531, 532, 206, 1, 4.79%, 1, 0, 11, 17.62, 10, 58
1785384461, 252, 22, 532, 205, 0, 4.79%, 1, 0, 11, 24.07, 10, 58
1785384466, 254, 36, 532, 205, 0, 4.79%, 1, 0, 11, 26.02, 10, 58
1785384476, 254, 75, 532, 205, 0, 4.79%, 1, 0, 11, 25.13, 10, 58
1785384491, 255, 90, 532, 204, 0, 4.79%, 1, 0, 11, 21.09, 10, 58
1785384502, 256, 93, 532, 204, 0, 4.79%, 1, 0, 11, 20.13, 10, 58
1785384517, 256, 187, 532, 203, 0, 4.79%, 1, 0, 11, 23.26, 10, 58
1785384527, 256, 187, 533, 204, 0, 4.79%, 1, 0, 11, 20.87, 10, 58
1785384532, 256, 211, 533, 204, 0, 4.79%, 1, 0, 11, 24.23, 10, 58
1785384548, 258, 220, 533, 203, 0, 4.79%, 1, 0, 11, 19.07, 10, 58
1785384553, 258, 220, 534, 204, 0, 4.79%, 1, 0, 11, 19.85, 10, 58
1785384573, 258, 290, 534, 204, 1, 4.79%, 1, 0, 11, 19.75, 10, 58
1785384599, 258, 317, 534, 204, 1, 4.79%, 1, 0, 11, 16.79, 10, 58
1785384604, 258, 317, 535, 205, 1, 4.79%, 1, 0, 11, 15.09, 10, 58
1785384650, 258, 414, 535, 204, 1, 4.79%, 1, 0, 11, 18.51, 10, 58
1785384691, 258, 483, 536, 205, 1, 4.79%, 1, 0, 11, 18.04, 10, 58
1785384722, 258, 483, 537, 206, 1, 4.79%, 1, 0, 11, 14.20, 10, 58
1785384737, 258, 533, 537, 205, 1, 4.79%, 1, 0, 11, 24.44, 10, 58
1785384742, 258, 533, 538, 206, 1, 4.79%, 1, 0, 11, 19.68, 10, 58
1785384768, 258, 535, 538, 205, 0, 4.79%, 1, 0, 11, 20.51, 10, 58
1785384809, 259, 47, 538, 204, 0, 4.79%, 1, 0, 11, 25.81, 10, 58
1785384814, 259, 72, 538, 204, 0, 4.79%, 1, 0, 11, 20.80, 10, 58
1785384829, 259, 73, 538, 204, 0, 4.79%, 1, 0, 11, 25.93, 10, 58
1785384839, 259, 118, 538, 203, 0, 4.79%, 1, 0, 11, 18.83, 10, 58
1785384849, 259, 161, 538, 203, 0, 4.79%, 1, 0, 11, 22.99, 10, 58
1785384870, 260, 253, 538, 203, 0, 4.79%, 1, 0, 11, 19.43, 10, 58
1785384900, 260, 259, 538, 203, 0, 4.79%, 1, 0, 11, 19.18, 10, 58
1785384957, 263, 272, 538, 203, 0, 4.79%, 1, 0, 11, 22.34, 10, 58
1785384983, 264, 284, 538, 202, 0, 4.79%, 1, 0, 11, 17.94, 10, 58
1785385019, 264, 302, 538, 202, 0, 4.79%, 1, 0, 11, 29.65, 10, 58
1785385049, 264, 345, 538, 201, 0, 4.79%, 1, 0, 11, 22.50, 10, 58
1785385059, 264, 345, 539, 202, 0, 4.79%, 1, 0, 11, 22.99, 10, 58
1785385075, 264, 350, 539, 201, 0, 4.79%, 1, 0, 11, 17.90, 10, 58
1785385100, 264, 365, 539, 200, 0, 4.79%, 1, 0, 11, 17.89, 10, 58
1785385142, 264, 376, 540, 201, 0, 4.79%, 1, 0, 11, 15.53, 10, 58
1785385152, 264, 376, 541, 202, 0, 4.79%, 1, 0, 11, 16.65, 10, 58
1785385157, 264, 376, 542, 203, 0, 4.79%, 1, 0, 11, 13.57, 10, 58
1785385198, 264, 376, 543, 204, 0, 4.79%, 1, 0, 11, 14.12, 10, 58
1785385203, 264, 383, 543, 203, 0, 4.79%, 1, 0, 11, 16.18, 10, 58
1785385208, 264, 383, 544, 204, 0, 4.79%, 1, 0, 11, 27.81, 10, 58
1785385224, 266, 385, 544, 204, 0, 4.79%, 1, 0, 11, 21.97, 10, 58
1785385239, 266, 387, 544, 203, 0, 4.79%, 1, 0, 11, 22.10, 10, 58
1785385260, 266, 404, 544, 202, 0, 4.79%, 1, 0, 11, 16.60, 10, 58
1785385290, 266, 421, 544, 201, 0, 4.79%, 1, 0, 11, 20.33, 10, 58
1785385311, 266, 434, 544, 201, 0, 4.79%, 1, 0, 11, 21.71, 10, 58
1785385347, 266, 442, 544, 201, 0, 4.79%, 1, 0, 11, 19.49, 10, 58
1785385362, 266, 442, 545, 202, 0, 4.79%, 1, 0, 11, 19.05, 10, 58
1785385367, 266, 454, 545, 201, 0, 4.79%, 1, 0, 11, 17.39, 10, 58
1785385372, 266, 454, 546, 202, 0, 4.79%, 1, 0, 11, 11.66, 10, 58
1785385428, 266, 545, 546, 201, 1, 4.79%, 1, 0, 11, 14.14, 10, 58
1785385465, 266, 545, 547, 202, 1, 4.79%, 1, 0, 11, 13.50, 10, 58
1785385500, 267, 31, 548, 202, 0, 4.79%, 1, 0, 11, 20.49, 10, 58
1785385515, 268, 152, 548, 201, 0, 4.79%, 1, 0, 11, 21.74, 10, 58
1785385531, 268, 164, 548, 200, 0, 4.79%, 1, 0, 11, 24.32, 10, 58
1785385546, 268, 224, 548, 200, 0, 4.79%, 1, 0, 11, 24.81, 10, 58
1785385556, 269, 22, 548, 199, 0, 4.79%, 1, 0, 11, 24.28, 10, 58
1785385562, 269, 22, 549, 200, 0, 4.79%, 1, 0, 11, 13.15, 10, 58
1785385582, 269, 22, 550, 201, 0, 4.79%, 1, 0, 11, 12.06, 10, 58
1785385592, 269, 236, 550, 201, 0, 4.79%, 1, 0, 11, 15.75, 10, 58
1785385613, 270, 255, 550, 200, 0, 4.79%, 1, 0, 11, 21.30, 10, 58
1785385638, 271, 270, 550, 200, 0, 4.79%, 1, 0, 11, 20.10, 10, 58
1785385664, 272, 280, 550, 200, 0, 4.79%, 1, 0, 11, 20.70, 10, 58
1785385684, 272, 285, 550, 200, 0, 4.79%, 1, 0, 11, 26.19, 10, 58
1785385715, 273, 383, 550, 200, 0, 4.79%, 1, 0, 11, 18.46, 10, 58
1785385731, 274, 402, 550, 200, 0, 4.79%, 1, 0, 11, 20.56, 10, 58
1785385751, 274, 416, 550, 200, 0, 4.79%, 1, 0, 11, 16.41, 10, 58
1785385787, 274, 460, 550, 199, 0, 4.79%, 1, 0, 11, 14.93, 10, 58
1785385818, 275, 462, 550, 198, 0, 4.79%, 1, 0, 11, 17.39, 10, 58
1785385844, 276, 486, 550, 197, 0, 4.79%, 1, 0, 11, 21.68, 10, 58
1785385869, 276, 495, 550, 196, 0, 4.79%, 1, 0, 11, 16.15, 10, 58
1785385885, 276, 495, 551, 197, 0, 4.79%, 1, 0, 12, 3.56, 10, 58
1785385957, 276, 550, 551, 196, 1, 4.79%, 1, 0, 12, 17.07, 10, 58
1785385997, 278, 69, 551, 195, 0, 4.79%, 1, 0, 12, 16.02, 10, 58
1785386008, 281, 86, 551, 195, 0, 4.79%, 1, 0, 12, 22.11, 10, 58
1785386018, 282, 92, 551, 194, 0, 4.79%, 1, 0, 12, 19.36, 10, 58
1785386033, 282, 163, 551, 194, 0, 4.79%, 1, 0, 12, 17.11, 10, 58
1785386049, 283, 226, 551, 194, 0, 4.79%, 1, 0, 12, 21.78, 10, 58
1785386064, 285, 232, 551, 193, 0, 4.79%, 1, 0, 12, 26.28, 10, 58
1785386074, 285, 242, 551, 192, 0, 4.79%, 1, 0, 12, 21.18, 10, 58
1785386095, 286, 304, 551, 192, 0, 4.79%, 1, 0, 12, 17.12, 10, 58
1785386125, 286, 309, 551, 192, 0, 4.79%, 1, 0, 12, 20.39, 10, 58
1785386146, 286, 364, 551, 192, 0, 4.79%, 1, 0, 12, 23.19, 10, 58
1785386182, 286, 373, 551, 192, 0, 4.79%, 1, 0, 12, 14.88, 10, 58
1785386207, 286, 377, 551, 191, 0, 4.79%, 1, 0, 12, 19.42, 10, 58
1785386212, 286, 377, 552, 192, 0, 4.79%, 1, 0, 12, 15.90, 10, 58
1785386279, 286, 436, 552, 191, 0, 4.79%, 1, 0, 12, 18.61, 10, 58
1785386304, 286, 453, 552, 190, 0, 4.79%, 1, 0, 12, 15.73, 10, 58
1785386325, 286, 456, 552, 190, 0, 4.79%, 1, 0, 12, 19.65, 10, 58
1785386356, 286, 474, 552, 190, 0, 4.79%, 1, 0, 12, 19.11, 10, 58
1785386371, 286, 474, 553, 191, 0, 4.79%, 1, 0, 12, 20.05, 10, 58
1785386387, 286, 485, 553, 190, 0, 4.79%, 1, 0, 12, 19.72, 10, 58
1785386417, 286, 490, 553, 189, 0, 4.79%, 1, 0, 12, 15.51, 10, 58
1785386458, 286, 506, 553, 188, 0, 4.79%, 1, 0, 12, 18.78, 10, 58
1785386478, 286, 507, 553, 187, 0, 4.79%, 1, 0, 12, 18.73, 10, 58
1785386504, 286, 513, 553, 186, 0, 4.79%, 1, 0, 12, 18.13, 10, 58
1785386530, 286, 520, 553, 185, 0, 4.79%, 1, 0, 12, 19.15, 10, 58
1785386561, 286, 525, 553, 184, 0, 4.79%, 1, 0, 12, 19.41, 10, 58
1785386597, 288, 25, 553, 183, 0, 4.79%, 1, 0, 12, 15.19, 10, 58
1785386618, 288, 537, 553, 183, 0, 4.79%, 1, 0, 12, 16.14, 10, 58
1785386638, 290, 552, 553, 182, 0, 4.79%, 1, 0, 12, 18.67, 10, 58
1785386643, 290, 552, 554, 183, 0, 4.79%, 1, 0, 12, 17.07, 10, 58
1785386669, 290, 552, 555, 184, 0, 4.79%, 1, 0, 12, 16.57, 10, 58
1785386679, 290, 552, 556, 185, 0, 4.79%, 1, 0, 12, 13.48, 10, 58
1785386684, 291, 398, 556, 184, 2, 4.79%, 1, 0, 12, 22.30, 10, 58
1785386699, 291, 403, 556, 184, 2, 4.79%, 1, 0, 12, 22.60, 10, 58
1785386710, 291, 403, 557, 185, 2, 4.79%, 1, 0, 12, 13.34, 10, 58
1785386782, 292, 497, 557, 185, 10, 4.79%, 1, 0, 12, 16.12, 10, 58
1785386823, 293, 536, 559, 186, 9, 4.79%, 1, 0, 12, 14.89, 10, 58
1785386833, 293, 536, 561, 188, 9, 4.79%, 1, 0, 12, 13.69, 10, 58
1785386838, 293, 536, 562, 189, 9, 4.79%, 1, 0, 12, 15.12, 10, 58
1785386884, 293, 555, 562, 188, 9, 4.79%, 1, 0, 12, 16.92, 10, 58
1785386920, 293, 556, 562, 187, 8, 4.79%, 1, 0, 12, 17.92, 10, 58
1785386956, 294, 51, 562, 186, 7, 4.79%, 1, 0, 12, 16.16, 10, 58
1785386966, 294, 114, 562, 186, 7, 4.79%, 1, 0, 12, 21.97, 10, 58
1785386987, 294, 169, 562, 186, 7, 4.79%, 1, 0, 12, 14.66, 10, 58
1785387012, 295, 190, 562, 186, 7, 4.79%, 1, 0, 12, 16.31, 10, 58
1785387038, 295, 373, 562, 186, 7, 4.79%, 1, 0, 12, 16.17, 10, 58
1785387064, 296, 375, 562, 186, 7, 4.79%, 1, 0, 12, 15.13, 10, 58
1785387084, 296, 375, 563, 187, 7, 4.80%, 1, 0, 12, 17.43, 10, 58
1785387105, 297, 385, 563, 186, 0, 4.80%, 1, 0, 12, 15.83, 10, 58
1785387120, 297, 394, 563, 186, 0, 4.80%, 1, 0, 12, 20.43, 10, 58
1785387146, 298, 424, 563, 186, 0, 4.80%, 1, 0, 12, 18.28, 10, 58
1785387171, 301, 473, 563, 186, 0, 4.80%, 1, 0, 12, 20.46, 10, 58
1785387192, 301, 486, 563, 185, 0, 4.80%, 1, 0, 12, 22.53, 10, 58
1785387218, 302, 494, 563, 185, 0, 4.80%, 1, 0, 12, 24.19, 10, 58
1785387259, 302, 496, 563, 184, 0, 4.80%, 1, 0, 12, 19.38, 10, 58
1785387279, 302, 519, 563, 183, 0, 4.80%, 1, 0, 12, 20.47, 10, 58
1785387300, 302, 519, 564, 184, 0, 4.80%, 1, 0, 12, 19.53, 10, 58
1785387320, 303, 562, 564, 183, 10, 4.80%, 1, 0, 12, 23.53, 10, 58
1785387336, 303, 563, 564, 182, 9, 4.80%, 1, 0, 12, 24.32, 10, 58
1785387351, 303, 563, 565, 183, 9, 4.80%, 1, 0, 12, 18.97, 10, 58
1785387361, 303, 563, 565, 183, 9, 4.80%, 2, 0, 12, 23.15, 10, 58
1785387392, 304, 204, 565, 182, 8, 4.80%, 2, 0, 12, 23.02, 10, 58
1785387402, 304, 385, 565, 182, 8, 4.80%, 2, 0, 12, 27.24, 10, 58
1785387418, 305, 493, 565, 182, 8, 4.80%, 2, 0, 12, 21.88, 10, 58
1785387449, 305, 509, 565, 182, 8, 4.80%, 2, 0, 12, 17.89, 10, 58
1785387474, 306, 539, 567, 183, 8, 4.80%, 2, 0, 12, 16.51, 10, 58
1785387500, 306, 539, 568, 184, 8, 4.80%, 2, 0, 12, 13.62, 10, 59
1785387541, 306, 539, 570, 186, 8, 4.80%, 2, 0, 12, 12.44, 10, 59
1785387562, 307, 560, 570, 185, 10, 4.80%, 2, 0, 12, 15.54, 10, 59
1785387603, 309, 567, 570, 184, 10, 4.80%, 2, 0, 12, 15.14, 10, 59
1785387608, 309, 567, 572, 186, 10, 4.80%, 2, 0, 12, 13.31, 10, 59
1785387649, 309, 567, 573, 187, 10, 4.80%, 2, 0, 12, 15.46, 10, 59
1785387669, 309, 572, 573, 186, 1, 4.80%, 2, 0, 12, 19.70, 10, 59
1785387699, 309, 572, 575, 188, 1, 4.80%, 2, 0, 12, 14.10, 10, 59
1785387705, 309, 572, 578, 191, 1, 4.80%, 2, 0, 12, 10.56, 10, 59
1785387720, 310, 80, 578, 190, 1, 4.80%, 2, 0, 12, 20.63, 10, 59
1785387730, 311, 274, 578, 190, 1, 4.80%, 2, 0, 12, 22.74, 10, 59
1785387745, 312, 537, 578, 189, 1, 4.80%, 2, 0, 12, 27.06, 10, 59
1785387771, 312, 577, 578, 189, 1, 4.80%, 2, 0, 12, 18.43, 10, 59
1785387802, 313, 84, 578, 188, 0, 4.80%, 2, 0, 12, 19.31, 10, 59
1785387817, 313, 95, 578, 188, 0, 4.80%, 2, 0, 12, 21.81, 10, 59
1785387828, 313, 154, 578, 188, 0, 4.80%, 2, 0, 12, 20.60, 10, 59
1785387848, 315, 166, 578, 188, 0, 4.80%, 2, 0, 12, 20.07, 10, 59
1785387864, 315, 248, 578, 187, 0, 4.80%, 2, 0, 12, 21.84, 10, 59
1785387884, 316, 292, 578, 187, 0, 4.80%, 2, 0, 12, 21.88, 10, 59
1785387905, 316, 304, 578, 187, 0, 4.80%, 2, 0, 12, 23.03, 10, 59
1785387935, 317, 332, 578, 187, 0, 4.80%, 2, 0, 12, 26.44, 10, 59
1785387946, 317, 460, 578, 186, 0, 4.80%, 2, 0, 12, 25.99, 10, 59
1785387977, 318, 463, 578, 186, 0, 4.80%, 2, 0, 12, 18.17, 10, 59
1785388007, 319, 25, 578, 186, 0, 4.80%, 2, 0, 12, 15.95, 10, 59
1785388028, 319, 481, 578, 186, 0, 4.80%, 2, 0, 12, 18.19, 10, 59
1785388048, 319, 499, 578, 185, 0, 4.80%, 2, 0, 12, 21.50, 10, 59
1785388079, 319, 500, 579, 185, 0, 4.80%, 2, 0, 12, 19.07, 10, 59
1785388094, 320, 502, 579, 184, 0, 4.80%, 2, 0, 12, 23.18, 10, 59
1785388120, 320, 516, 579, 183, 0, 4.80%, 2, 0, 12, 22.17, 10, 59
1785388156, 320, 524, 579, 183, 0, 4.80%, 2, 0, 12, 21.01, 10, 59
1785388161, 320, 524, 580, 184, 0, 4.80%, 2, 0, 12, 18.31, 10, 59
1785388197, 321, 532, 580, 183, 0, 4.80%, 2, 0, 12, 25.28, 10, 59
1785388202, 321, 532, 581, 184, 0, 4.80%, 2, 0, 12, 20.93, 10, 59
1785388217, 322, 534, 582, 184, 0, 4.80%, 2, 0, 12, 17.18, 10, 59
1785388227, 322, 534, 583, 185, 0, 4.80%, 2, 0, 12, 15.90, 10, 59
1785388232, 322, 534, 584, 186, 0, 4.80%, 2, 0, 12, 13.49, 10, 59
1785388294, 322, 547, 584, 185, 1, 4.80%, 2, 0, 12, 20.98, 10, 59
1785388309, 323, 583, 584, 184, 1, 4.80%, 2, 0, 12, 17.57, 10, 59
1785388314, 323, 583, 585, 185, 1, 4.80%, 2, 0, 12, 17.59, 10, 59
1785388370, 323, 583, 586, 186, 1, 4.81%, 2, 0, 12, 22.49, 10, 59
1785388385, 326, 22, 586, 185, 0, 4.81%, 2, 0, 12, 23.76, 10, 59
1785388396, 327, 80, 586, 185, 0, 4.81%, 2, 0, 12, 25.93, 10, 59
1785388406, 327, 92, 586, 185, 0, 4.81%, 2, 0, 12, 22.73, 10, 59
1785388416, 328, 154, 586, 185, 0, 4.81%, 2, 0, 12, 20.86, 10, 59
1785388432, 328, 163, 586, 185, 0, 4.81%, 2, 0, 12, 17.03, 10, 59
1785388452, 329, 198, 586, 185, 0, 4.81%, 2, 0, 12, 23.95, 10, 59
1785388473, 329, 209, 586, 184, 0, 4.81%, 2, 0, 12, 23.39, 10, 59
1785388493, 330, 215, 586, 184, 0, 4.81%, 2, 0, 12, 18.52, 10, 59
1785388509, 330, 266, 587, 185, 0, 4.81%, 2, 0, 12, 21.45, 10, 59
1785388550, 330, 473, 587, 185, 2, 4.81%, 2, 0, 12, 20.17, 10, 59
1785388570, 330, 566, 587, 185, 2, 4.81%, 2, 0, 12, 18.52, 10, 59
1785388626, 330, 585, 587, 184, 2, 4.81%, 2, 0, 12, 17.10, 10, 59
1785388657, 330, 586, 587, 183, 1, 4.81%, 2, 0, 12, 22.32, 10, 59
1785388698, 331, 110, 587, 182, 0, 4.81%, 2, 0, 12, 18.10, 10, 59
1785388713, 332, 157, 587, 182, 0, 4.81%, 2, 0, 12, 20.52, 10, 59
1785388729, 332, 184, 587, 182, 0, 4.81%, 2, 0, 12, 19.44, 10, 59
1785388760, 332, 204, 587, 182, 0, 4.81%, 2, 0, 12, 23.43, 10, 59
1785388770, 332, 205, 587, 182, 0, 4.81%, 2, 0, 12, 28.06, 10, 59
1785388790, 334, 233, 587, 181, 0, 4.81%, 2, 0, 12, 20.20, 10, 59
1785388806, 334, 238, 587, 181, 0, 4.81%, 2, 0, 12, 20.83, 10, 59
1785388821, 336, 248, 587, 181, 0, 4.81%, 2, 0, 12, 18.35, 10, 59
1785388841, 336, 287, 587, 181, 0, 4.81%, 2, 0, 12, 22.68, 10, 59
1785388867, 337, 300, 587, 180, 0, 4.81%, 2, 0, 12, 16.44, 10, 59
1785388897, 337, 316, 587, 179, 0, 4.81%, 2, 0, 12, 24.35, 10, 59
1785388923, 337, 332, 587, 179, 0, 4.81%, 2, 0, 12, 19.84, 10, 59
1785388938, 337, 353, 587, 179, 0, 4.81%, 2, 0, 12, 27.58, 10, 59
1785388969, 337, 362, 587, 179, 0, 4.81%, 2, 0, 12, 24.23, 10, 59
1785388995, 337, 454, 587, 179, 0, 4.81%, 2, 0, 12, 18.15, 10, 59
1785389035, 337, 461, 587, 179, 0, 4.81%, 2, 0, 12, 18.45, 10, 59
1785389061, 337, 475, 588, 180, 0, 4.81%, 2, 0, 12, 16.38, 10, 59
1785389076, 337, 475, 589, 181, 0, 4.81%, 2, 0, 12, 12.71, 10, 59
1785389113, 337, 475, 590, 182, 0, 4.83%, 2, 0, 12, 14.78, 10, 59
1785389128, 338, 500, 590, 181, 10, 4.83%, 2, 0, 12, 22.78, 10, 59
1785389143, 338, 589, 591, 182, 10, 4.84%, 2, 0, 12, 17.64, 10, 59
1785389180, 340, 30, 591, 181, 0, 4.84%, 2, 0, 12, 19.76, 10, 59
1785389190, 341, 39, 591, 181, 0, 4.84%, 2, 0, 12, 23.37, 10, 59
1785389195, 341, 39, 592, 182, 0, 4.84%, 2, 0, 12, 21.95, 10, 59
1785389205, 341, 185, 592, 182, 1, 4.84%, 2, 0, 12, 21.66, 10, 59
1785389257, 341, 188, 592, 182, 1, 4.84%, 2, 0, 12, 17.45, 10, 59
1785389288, 341, 315, 592, 182, 1, 4.84%, 2, 0, 12, 20.39, 10, 59
1785389313, 343, 362, 592, 182, 1, 4.84%, 2, 0, 12, 20.56, 10, 59
1785389344, 343, 374, 592, 182, 1, 4.84%, 2, 0, 12, 22.35, 10, 59
1785389364, 343, 398, 592, 182, 1, 4.84%, 2, 0, 12, 20.49, 10, 59
1785389385, 344, 446, 592, 182, 1, 4.84%, 2, 0, 12, 22.28, 10, 59
1785389431, 344, 492, 592, 181, 0, 4.84%, 2, 0, 12, 16.87, 10, 59
1785389446, 344, 492, 593, 182, 0, 4.84%, 2, 0, 12, 9.85, 10, 59
1785389492, 345, 526, 593, 181, 0, 4.84%, 2, 0, 12, 17.20, 10, 59
1785389543, 347, 558, 593, 180, 0, 4.84%, 2, 0, 12, 16.81, 10, 59
1785389589, 348, 561, 593, 179, 0, 4.84%, 2, 0, 12, 20.20, 10, 59
1785389635, 348, 569, 593, 178, 0, 4.84%, 2, 0, 12, 15.84, 10, 59
1785389655, 348, 569, 594, 179, 0, 4.84%, 2, 0, 12, 16.41, 10, 59
1785389666, 349, 587, 594, 178, 0, 4.84%, 2, 0, 12, 18.31, 10, 59
1785389697, 350, 22, 594, 177, 0, 4.84%, 2, 0, 12, 20.73, 10, 59
1785389702, 352, 53, 594, 177, 0, 4.84%, 2, 0, 12, 23.74, 10, 59
1785389717, 352, 148, 594, 177, 0, 4.84%, 2, 0, 12, 23.47, 10, 59
1785389732, 353, 162, 594, 176, 0, 4.84%, 2, 0, 12, 18.69, 10, 59
1785389748, 353, 186, 594, 176, 0, 4.84%, 2, 0, 12, 18.67, 10, 59
1785389804, 354, 177, 594, 176, 0, 4.84%, 2, 0, 12, 12.37, 10, 59
1785389825, 354, 239, 594, 175, 0, 4.84%, 2, 0, 12, 10.36, 10, 59
1785389845, 355, 253, 594, 175, 0, 4.84%, 2, 0, 12, 16.64, 10, 59
1785389887, 355, 404, 594, 175, 0, 4.84%, 2, 0, 12, 14.99, 10, 59
1785389922, 356, 430, 594, 175, 0, 4.84%, 2, 0, 12, 17.63, 10, 59
1785389948, 356, 434, 594, 175, 0, 4.84%, 2, 0, 12, 14.98, 10, 59
1785389984, 356, 470, 595, 176, 0, 4.84%, 2, 0, 12, 13.89, 10, 59
1785390025, 357, 483, 595, 175, 10, 4.84%, 2, 0, 12, 15.57, 10, 59
1785390061, 357, 590, 595, 175, 10, 4.84%, 2, 0, 12, 19.02, 10, 59
1785390097, 357, 593, 595, 174, 9, 4.84%, 2, 0, 12, 18.62, 10, 59
1785390138, 357, 594, 595, 173, 8, 4.84%, 2, 0, 12, 19.30, 10, 59
1785390164, 359, 111, 595, 172, 7, 4.84%, 2, 0, 12, 18.72, 10, 59
1785390179, 359, 199, 596, 173, 7, 4.84%, 2, 0, 12, 19.56, 10, 59
1785390215, 359, 221, 596, 173, 0, 4.84%, 2, 0, 12, 25.59, 10, 59
1785390240, 359, 258, 596, 173, 0, 4.84%, 2, 0, 12, 11.89, 10, 59
1785390271, 360, 285, 596, 173, 0, 4.84%, 2, 0, 12, 16.40, 10, 59
1785390312, 360, 296, 596, 173, 0, 4.84%, 2, 0, 12, 14.81, 10, 59
1785390379, 362, 361, 596, 173, 0, 4.84%, 2, 0, 12, 16.35, 10, 59
1785390428, 362, 361, 596, 173, 0, 4.84%, 2, 1, 12, 0.12, 10, 59
1785390434, 362, 361, 596, 173, 0, 4.84%, 2, 2, 12, 4.17, 10, 59
1785390444, 362, 361, 596, 173, 0, 4.84%, 2, 3, 12, 0.13, 10, 59
1785390449, 362, 362, 596, 173, 0, 4.84%, 2, 4, 12, 11.17, 10, 59
1785390500, 362, 400, 596, 173, 0, 4.84%, 2, 4, 12, 14.69, 10, 59
1785390531, 363, 423, 596, 173, 0, 4.84%, 2, 4, 12, 11.24, 10, 59
1785390572, 365, 430, 596, 173, 0, 4.84%, 2, 4, 12, 14.34, 10, 59
1785390588, 365, 430, 597, 174, 0, 4.84%, 2, 4, 12, 12.42, 10, 59
1785390614, 365, 430, 598, 175, 0, 4.84%, 2, 4, 12, 10.35, 10, 59
1785390624, 366, 500, 598, 175, 0, 4.84%, 2, 4, 12, 16.72, 10, 59
1785390639, 366, 505, 598, 175, 0, 4.84%, 2, 4, 12, 17.34, 10, 59
1785390660, 366, 505, 599, 176, 0, 4.84%, 2, 4, 12, 16.62, 10, 59
1785390670, 366, 582, 599, 175, 1, 4.84%, 2, 4, 12, 16.50, 10, 59
1785390706, 367, 598, 599, 174, 1, 4.84%, 2, 4, 12, 19.90, 10, 59
1785390717, 367, 598, 599, 174, 1, 4.84%, 2, 5, 12, 0.97, 10, 59
1785390760, 368, 31, 599, 173, 0, 4.84%, 2, 5, 12, 18.05, 10, 59
1785390775, 368, 221, 600, 174, 0, 4.84%, 2, 5, 12, 18.55, 10, 59
1785390800, 368, 231, 600, 174, 0, 4.84%, 2, 5, 12, 17.48, 10, 59
1785390816, 368, 242, 600, 174, 0, 4.84%, 2, 5, 12, 16.91, 10, 59
1785390841, 369, 300, 600, 174, 0, 4.84%, 2, 5, 12, 17.92, 10, 59
1785390872, 371, 313, 600, 174, 0, 4.84%, 2, 5, 12, 20.39, 10, 59
1785390887, 371, 321, 600, 174, 0, 4.84%, 2, 5, 12, 23.66, 10, 59
1785390908, 372, 405, 600, 174, 0, 4.84%, 2, 5, 12, 18.31, 10, 59
1785390933, 372, 413, 600, 174, 0, 4.84%, 2, 5, 12, 18.68, 10, 59
1785390949, 372, 413, 601, 175, 0, 4.84%, 2, 5, 12, 17.74, 10, 59
1785390969, 372, 418, 601, 175, 0, 4.84%, 2, 5, 12, 19.71, 10, 59
1785391015, 372, 477, 601, 175, 0, 4.84%, 2, 5, 12, 18.04, 10, 59
1785391046, 372, 515, 601, 174, 0, 4.84%, 2, 5, 12, 13.97, 10, 59
1785391076, 374, 534, 602, 174, 0, 4.84%, 2, 5, 12, 20.24, 10, 59
1785391147, 376, 541, 602, 174, 0, 4.84%, 2, 5, 12, 18.26, 10, 59
1785391163, 376, 541, 603, 175, 0, 4.84%, 2, 5, 12, 15.14, 10, 59
1785391178, 379, 542, 603, 174, 0, 4.84%, 2, 5, 12, 15.60, 10, 59
1785391199, 379, 575, 603, 173, 0, 4.84%, 2, 5, 12, 19.63, 10, 59
1785391225, 381, 579, 603, 172, 0, 4.84%, 2, 5, 12, 19.32, 10, 59
1785391265, 382, 90, 603, 171, 0, 4.84%, 2, 5, 12, 18.18, 10, 59
1785391276, 382, 119, 603, 171, 0, 4.84%, 2, 5, 12, 21.13, 10, 59
1785391291, 383, 22, 603, 170, 0, 4.84%, 2, 5, 12, 13.81, 10, 59
1785391316, 384, 131, 603, 170, 0, 4.84%, 2, 5, 12, 16.62, 10, 59
1785391332, 385, 166, 603, 170, 0, 4.84%, 2, 5, 12, 19.72, 10, 59
1785391347, 385, 166, 604, 171, 0, 4.84%, 2, 5, 12, 15.07, 10, 59
1785391352, 386, 274, 604, 171, 10, 4.84%, 2, 5, 12, 18.17, 10, 59
1785391373, 387, 364, 604, 171, 10, 4.84%, 2, 5, 12, 25.28, 10, 59
1785391404, 387, 553, 604, 171, 10, 4.84%, 2, 5, 12, 16.91, 10, 59
1785391445, 388, 603, 604, 170, 10, 4.84%, 2, 5, 12, 21.23, 10, 59
1785391471, 390, 22, 604, 169, 9, 4.84%, 2, 5, 12, 20.71, 10, 59
1785391481, 390, 147, 604, 169, 9, 4.84%, 2, 5, 12, 25.39, 10, 59
1785391501, 391, 441, 604, 169, 9, 4.84%, 2, 5, 12, 18.59, 10, 59
1785391532, 392, 39, 604, 169, 9, 4.84%, 2, 5, 12, 20.79, 10, 59
1785391547, 392, 69, 604, 169, 9, 4.84%, 2, 5, 12, 19.24, 10, 59
1785391558, 393, 167, 604, 169, 9, 4.84%, 2, 5, 12, 19.88, 10, 59
1785391578, 393, 209, 604, 169, 9, 4.84%, 2, 5, 12, 19.39, 10, 59
1785391594, 393, 242, 604, 169, 9, 4.84%, 2, 5, 12, 16.77, 10, 59
1785391614, 393, 373, 604, 169, 9, 4.84%, 2, 5, 12, 14.51, 10, 59
1785391645, 393, 463, 604, 169, 9, 4.84%, 2, 5, 12, 17.44, 10, 59
1785391676, 393, 534, 604, 169, 9, 4.84%, 2, 5, 12, 17.52, 10, 59
1785391686, 393, 534, 605, 170, 9, 4.84%, 2, 5, 12, 20.36, 10, 59
1785391748, 394, 189, 605, 170, 9, 4.84%, 2, 5, 12, 18.43, 10, 59
1785391773, 394, 246, 605, 170, 9, 4.84%, 2, 5, 12, 20.89, 10, 59
1785391794, 394, 258, 605, 170, 9, 4.84%, 2, 5, 12, 19.07, 10, 59
1785391819, 396, 272, 605, 170, 9, 4.84%, 2, 5, 12, 19.91, 10, 59
1785391855, 397, 309, 605, 170, 9, 4.84%, 2, 5, 12, 15.43, 10, 59
1785391880, 397, 334, 605, 170, 9, 4.84%, 2, 5, 12, 24.11, 10, 59
1785391900, 397, 385, 605, 169, 8, 4.84%, 2, 5, 12, 24.64, 10, 59
1785391916, 397, 449, 605, 169, 8, 4.84%, 2, 5, 12, 22.49, 10, 59
1785391972, 397, 450, 605, 168, 7, 4.84%, 2, 5, 12, 20.15, 10, 59
1785392003, 397, 583, 605, 167, 6, 4.84%, 2, 5, 12, 18.58, 10, 59
1785392059, 398, 0, 605, 167, 6, 4.84%, 2, 5, 12, 19.97, 10, 59
1785392069, 398, 0, 606, 168, 6, 4.84%, 2, 5, 12, 19.84, 10, 59
1785392074, 398, 133, 606, 168, 6, 4.84%, 2, 5, 12, 20.09, 10, 59
1785392085, 398, 554, 606, 168, 6, 4.84%, 2, 5, 12, 21.85, 10, 59
1785392120, 401, 3, 606, 167, 6, 4.84%, 2, 5, 12, 16.88, 10, 59
1785392136, 402, 70, 606, 167, 6, 4.84%, 2, 5, 12, 19.23, 10, 59
1785392151, 405, 235, 606, 167, 6, 4.84%, 2, 5, 12, 22.24, 10, 59
1785392161, 405, 235, 607, 168, 6, 4.85%, 2, 5, 12, 18.21, 10, 59
1785392166, 405, 434, 607, 168, 1, 4.85%, 2, 5, 12, 17.89, 10, 59
1785392202, 405, 596, 607, 168, 1, 4.85%, 2, 5, 12, 21.27, 10, 59
1785392259, 408, 606, 607, 167, 1, 4.85%, 2, 5, 12, 19.65, 10, 59
1785392289, 409, 50, 607, 166, 0, 4.85%, 2, 5, 12, 15.23, 10, 59
1785392305, 409, 134, 607, 166, 0, 4.85%, 2, 5, 12, 21.18, 10, 59
1785392320, 409, 157, 607, 165, 0, 4.85%, 2, 5, 12, 22.36, 10, 59
1785392335, 409, 164, 607, 165, 0, 4.85%, 2, 5, 12, 23.30, 10, 59
1785392351, 409, 204, 607, 165, 0, 4.85%, 2, 5, 12, 25.44, 10, 59
1785392361, 410, 263, 607, 165, 0, 4.85%, 2, 5, 12, 20.64, 10, 59
1785392387, 410, 272, 607, 165, 0, 4.85%, 2, 5, 12, 21.11, 10, 59
1785392397, 410, 272, 608, 166, 0, 4.85%, 2, 5, 12, 18.67, 10, 59
1785392417, 410, 607, 608, 166, 1, 4.85%, 2, 5, 12, 22.88, 10, 59
1785392443, 413, 81, 608, 165, 0, 4.85%, 2, 5, 12, 20.41, 10, 59
1785392458, 413, 94, 608, 165, 0, 4.85%, 2, 5, 12, 19.65, 10, 59
1785392474, 414, 110, 608, 165, 0, 4.85%, 2, 5, 12, 17.14, 10, 59
1785392490, 414, 163, 608, 165, 0, 4.85%, 2, 5, 12, 19.50, 10, 59
1785392510, 414, 185, 608, 165, 0, 4.85%, 2, 5, 12, 17.40, 10, 59
1785392561, 414, 204, 608, 165, 0, 4.85%, 2, 5, 12, 21.28, 10, 59
1785392576, 416, 211, 608, 165, 0, 4.85%, 2, 5, 12, 20.98, 10, 59
1785392592, 416, 230, 608, 165, 0, 4.85%, 2, 5, 12, 19.04, 10, 59
1785392612, 417, 255, 608, 165, 0, 4.85%, 2, 5, 12, 19.09, 10, 59
1785392643, 418, 277, 608, 165, 0, 4.85%, 2, 5, 12, 16.62, 10, 59
1785392664, 419, 286, 608, 164, 0, 4.85%, 2, 5, 12, 17.16, 10, 59
1785392690, 422, 325, 608, 164, 0, 4.85%, 2, 5, 12, 16.60, 10, 59
1785392705, 422, 325, 609, 165, 0, 4.86%, 2, 5, 12, 15.38, 10, 59
1785392716, 423, 353, 609, 165, 0, 4.86%, 2, 5, 12, 19.79, 10, 59
1785392751, 423, 357, 609, 165, 0, 4.86%, 2, 5, 12, 14.68, 10, 59
1785392798, 424, 369, 609, 165, 0, 4.86%, 2, 5, 12, 15.01, 10, 59
1785392843, 424, 374, 609, 165, 0, 4.86%, 2, 5, 12, 19.73, 10, 59
1785392849, 424, 374, 610, 166, 0, 4.86%, 2, 5, 12, 18.12, 10, 60
1785392869, 425, 387, 610, 166, 0, 4.86%, 2, 5, 12, 18.85, 10, 60
1785392890, 425, 403, 610, 166, 0, 4.86%, 2, 5, 12, 15.49, 10, 60
1785392951, 425, 451, 610, 166, 0, 4.86%, 2, 5, 12, 19.78, 10, 60
1785392992, 426, 460, 610, 165, 0, 4.86%, 2, 5, 12, 16.49, 10, 60
1785393028, 427, 482, 610, 165, 0, 4.86%, 2, 5, 12, 16.01, 10, 60
1785393064, 429, 485, 610, 164, 0, 4.86%, 2, 5, 12, 18.27, 10, 60
1785393100, 431, 501, 612, 166, 0, 4.86%, 2, 5, 12, 16.79, 10, 60
1785393130, 431, 501, 613, 167, 0, 4.86%, 2, 5, 12, 14.53, 10, 60
1785393177, 432, 478, 613, 166, 10, 4.86%, 2, 5, 12, 14.71, 10, 60
1785393218, 432, 510, 613, 166, 10, 4.86%, 2, 5, 12, 16.72, 10, 60
1785393249, 433, 573, 613, 165, 10, 4.86%, 2, 5, 12, 19.56, 10, 60
1785393270, 433, 579, 613, 164, 10, 4.86%, 2, 5, 12, 21.93, 10, 60
1785393311, 433, 608, 613, 164, 10, 4.86%, 2, 5, 12, 23.36, 10, 60
1785393331, 435, 609, 613, 163, 9, 4.86%, 2, 5, 12, 19.67, 10, 60
1785393346, 435, 609, 614, 164, 9, 4.86%, 2, 5, 12, 17.00, 10, 60
1785393367, 435, 612, 614, 163, 2, 4.86%, 2, 5, 12, 22.47, 10, 60
1785393382, 435, 613, 614, 162, 1, 4.86%, 2, 5, 12, 25.84, 10, 60
1785393407, 437, 112, 614, 161, 0, 4.86%, 2, 5, 12, 23.16, 10, 60
1785393423, 437, 211, 614, 161, 0, 4.86%, 2, 5, 12, 17.66, 10, 60
1785393443, 437, 226, 614, 161, 0, 4.86%, 2, 5, 12, 19.46, 10, 60
1785393459, 438, 227, 614, 161, 0, 4.86%, 2, 5, 12, 20.76, 10, 60
1785393479, 439, 229, 614, 161, 0, 4.86%, 2, 5, 12, 19.09, 10, 60
1785393495, 439, 289, 614, 161, 0, 4.86%, 2, 5, 12, 19.62, 10, 60
1785393526, 441, 298, 614, 160, 0, 4.86%, 2, 5, 12, 16.40, 10, 60
1785393546, 441, 302, 614, 159, 0, 4.86%, 2, 5, 12, 19.69, 10, 60
1785393582, 442, 362, 614, 159, 0, 4.86%, 2, 5, 12, 18.30, 10, 60
1785393612, 442, 429, 614, 159, 0, 4.86%, 2, 5, 12, 17.36, 10, 60
1785393623, 442, 429, 615, 160, 0, 4.86%, 2, 5, 12, 13.20, 10, 60
1785393664, 442, 429, 616, 161, 0, 4.86%, 2, 5, 12, 14.28, 10, 60
1785393694, 443, 462, 616, 161, 0, 4.86%, 2, 5, 12, 14.89, 10, 60
1785393699, 443, 462, 617, 162, 0, 4.86%, 2, 5, 12, 12.73, 10, 60
1785393735, 443, 469, 617, 162, 0, 4.86%, 2, 5, 12, 12.65, 10, 60
1785393756, 443, 469, 618, 163, 0, 4.86%, 2, 5, 12, 19.32, 10, 60
1785393766, 443, 480, 618, 162, 0, 4.86%, 2, 5, 12, 17.99, 10, 60
1785393802, 443, 555, 618, 161, 0, 4.86%, 2, 5, 12, 19.14, 10, 60
1785393844, 443, 557, 618, 161, 0, 4.86%, 2, 5, 12, 15.36, 10, 60
1785393854, 443, 557, 619, 162, 0, 4.86%, 2, 5, 12, 16.38, 10, 60
1785393900, 443, 574, 619, 161, 0, 4.86%, 2, 5, 12, 16.44, 10, 60
1785393932, 445, 580, 619, 160, 0, 4.86%, 2, 5, 12, 21.01, 10, 60
1785393962, 445, 580, 620, 161, 0, 4.86%, 2, 5, 12, 15.72, 10, 60
1785393968, 445, 580, 621, 162, 0, 4.86%, 2, 5, 12, 13.71, 10, 60
1785393978, 445, 604, 621, 161, 0, 4.86%, 2, 5, 12, 13.01, 10, 60
1785394009, 445, 604, 622, 162, 0, 4.86%, 2, 5, 12, 16.07, 10, 60
1785394040, 446, 605, 622, 161, 0, 4.86%, 2, 5, 12, 19.95, 10, 60
1785394060, 446, 615, 622, 160, 0, 4.86%, 2, 5, 12, 17.70, 10, 60
1785394095, 447, 616, 622, 159, 0, 4.86%, 2, 5, 12, 20.50, 10, 60
1785394116, 447, 619, 622, 158, 0, 4.86%, 2, 5, 12, 19.51, 10, 60
1785394136, 447, 619, 623, 159, 0, 4.86%, 2, 5, 12, 15.16, 10, 60
1785394141, 448, 622, 623, 158, 10, 4.86%, 2, 5, 12, 18.46, 10, 60
1785394182, 450, 132, 623, 157, 9, 4.86%, 2, 5, 12, 23.12, 10, 60
1785394197, 451, 186, 623, 157, 9, 4.86%, 2, 5, 12, 19.74, 10, 60
1785394223, 451, 263, 623, 157, 9, 4.86%, 2, 5, 12, 21.06, 10, 60
1785394254, 451, 402, 623, 157, 9, 4.86%, 2, 5, 12, 16.19, 10, 60
1785394274, 451, 583, 623, 157, 9, 4.86%, 2, 5, 12, 18.47, 10, 60
1785394310, 453, 192, 623, 157, 9, 4.86%, 2, 5, 12, 20.87, 10, 60
1785394331, 453, 469, 623, 157, 9, 4.86%, 2, 5, 12, 18.73, 10, 60
1785394351, 457, 470, 624, 158, 9, 4.86%, 2, 5, 12, 18.56, 10, 60
1785394387, 459, 525, 624, 158, 10, 4.86%, 2, 5, 12, 16.07, 10, 60
1785394429, 459, 623, 624, 158, 10, 4.86%, 2, 5, 12, 12.95, 10, 60
1785394469, 460, 108, 624, 157, 9, 4.86%, 2, 5, 12, 20.48, 10, 60
1785394475, 460, 192, 624, 157, 9, 4.86%, 2, 5, 12, 19.16, 10, 60
1785394500, 460, 317, 624, 157, 9, 4.86%, 2, 5, 12, 16.34, 10, 60
1785394536, 460, 427, 624, 157, 9, 4.86%, 2, 5, 12, 15.48, 10, 60
1785394546, 460, 427, 625, 158, 9, 4.86%, 2, 5, 12, 16.17, 10, 60
1785394598, 461, 343, 625, 158, 10, 4.86%, 2, 5, 12, 13.66, 10, 60
1785394633, 461, 384, 625, 158, 10, 4.86%, 2, 5, 12, 20.21, 10, 60
1785394649, 461, 471, 625, 158, 10, 4.86%, 2, 5, 12, 21.13, 10, 60
1785394669, 461, 506, 625, 158, 10, 4.86%, 2, 5, 12, 20.01, 10, 60
1785394690, 461, 521, 625, 158, 10, 4.86%, 2, 5, 12, 17.36, 10, 60
1785394736, 461, 591, 625, 158, 10, 4.86%, 2, 5, 12, 18.64, 10, 60
1785394756, 463, 91, 625, 157, 10, 4.86%, 2, 5, 12, 17.87, 10, 60
1785394772, 463, 157, 625, 157, 10, 4.86%, 2, 5, 12, 22.40, 10, 60
1785394787, 465, 218, 625, 157, 10, 4.86%, 2, 5, 12, 19.18, 10, 60
1785394803, 466, 312, 625, 157, 10, 4.86%, 2, 5, 12, 20.63, 10, 60
1785394828, 466, 552, 625, 157, 10, 4.86%, 2, 5, 12, 15.32, 10, 60
1785394854, 466, 553, 625, 157, 10, 4.86%, 2, 5, 12, 19.03, 10, 60
1785394900, 467, 576, 625, 157, 10, 4.86%, 2, 5, 12, 17.77, 10, 60
1785394936, 470, 4, 625, 156, 10, 4.86%, 2, 5, 12, 21.33, 10, 60
1785394952, 470, 14, 625, 156, 10, 4.86%, 2, 5, 12, 21.27, 10, 60
1785394962, 472, 100, 625, 156, 10, 4.86%, 2, 5, 12, 20.63, 10, 60
1785394977, 473, 301, 625, 156, 10, 4.86%, 2, 5, 12, 21.73, 10, 60
1785395003, 473, 354, 625, 156, 10, 4.86%, 2, 5, 12, 21.05, 10, 60
1785395024, 473, 426, 625, 156, 10, 4.86%, 2, 5, 12, 21.54, 10, 60
1785395049, 473, 471, 625, 156, 10, 4.86%, 2, 5, 12, 21.54, 10, 60
1785395075, 473, 483, 625, 156, 10, 4.86%, 2, 5, 12, 18.67, 10, 60
1785395106, 473, 515, 625, 156, 10, 4.86%, 2, 5, 12, 16.58, 10, 60
1785395137, 473, 571, 625, 156, 10, 4.86%, 2, 5, 12, 15.81, 10, 60
1785395142, 473, 571, 626, 157, 10, 4.86%, 2, 5, 12, 13.95, 10, 60
1785395193, 473, 625, 626, 156, 1, 4.86%, 2, 5, 12, 14.09, 10, 60
1785395234, 475, 22, 626, 155, 0, 4.86%, 2, 5, 12, 21.96, 10, 60
1785395244, 475, 50, 626, 155, 0, 4.86%, 2, 5, 12, 22.18, 10, 60
1785395254, 475, 51, 626, 155, 0, 4.86%, 2, 5, 12, 21.05, 10, 60
1785395269, 476, 90, 626, 155, 0, 4.86%, 2, 5, 12, 17.70, 10, 60
1785395279, 477, 91, 626, 155, 0, 4.86%, 2, 5, 12, 18.04, 10, 60
1785395294, 477, 106, 626, 155, 0, 4.86%, 2, 5, 12, 19.09, 10, 60
1785395310, 477, 187, 626, 155, 0, 4.86%, 2, 5, 12, 24.02, 10, 60
1785395325, 479, 241, 626, 155, 0, 4.86%, 2, 5, 12, 21.77, 10, 60
1785395346, 480, 248, 626, 155, 0, 4.86%, 2, 5, 12, 19.73, 10, 60
1785395366, 480, 258, 626, 155, 0, 4.86%, 2, 5, 12, 20.90, 10, 60
1785395387, 480, 277, 626, 155, 0, 4.86%, 2, 5, 12, 21.52, 10, 60
1785395408, 480, 285, 626, 155, 0, 4.86%, 2, 5, 12, 18.57, 10, 60
1785395439, 480, 298, 626, 155, 0, 4.86%, 2, 5, 12, 19.78, 10, 60
1785395449, 480, 298, 627, 156, 0, 4.86%, 2, 5, 12, 19.09, 10, 60
1785395464, 480, 364, 627, 156, 0, 4.86%, 2, 5, 12, 16.95, 10, 60
1785395500, 480, 605, 627, 156, 0, 4.86%, 2, 5, 12, 12.29, 10, 60
1785395510, 480, 605, 629, 158, 0, 4.86%, 2, 5, 12, 11.00, 10, 60
1785395541, 480, 605, 631, 160, 0, 4.86%, 2, 5, 12, 10.02, 10, 60
1785395551, 480, 605, 632, 161, 0, 4.87%, 2, 5, 12, 9.70, 10, 60
1785395577, 480, 605, 633, 162, 0, 4.87%, 2, 5, 12, 10.13, 10, 60
1785395597, 482, 399, 633, 162, 0, 4.87%, 2, 5, 12, 18.28, 10, 60
1785395628, 482, 484, 633, 162, 0, 4.87%, 2, 5, 12, 14.73, 10, 60
1785395659, 482, 495, 633, 161, 0, 4.87%, 2, 5, 12, 15.06, 10, 60
1785395695, 482, 495, 634, 162, 0, 4.87%, 2, 5, 12, 13.71, 10, 60
1785395731, 482, 628, 634, 162, 1, 4.87%, 2, 5, 12, 16.70, 10, 60
1785395741, 482, 628, 635, 163, 1, 4.87%, 2, 5, 12, 17.97, 10, 60
1785395757, 482, 631, 635, 162, 1, 4.87%, 2, 5, 12, 24.51, 10, 60
1785395772, 484, 84, 635, 161, 0, 4.87%, 2, 5, 12, 20.87, 10, 60
1785395787, 486, 112, 635, 161, 0, 4.87%, 2, 5, 12, 18.35, 10, 60
1785395798, 489, 233, 635, 161, 0, 4.87%, 2, 5, 12, 20.35, 10, 60
1785395813, 489, 239, 635, 161, 0, 4.87%, 2, 5, 12, 19.66, 10, 60
